5 0.80078125 0.32578125 0.00859375 0.03359375
5 0.7015625 0.3453125 0.01015625 0.0390625
5 0.753125 0.27578125 0.009375 0.02890625
5 0.621875 0.35546875 0.0125 0.04140625
5 0.2953125 0.36171875 0.0125 0.03984375
5 0.5609375 0.40390625 0.0125 0.04609375
5 0.4015625 0.28203125 0.01015625 0.03046875
5 0.45703125 0.3375 0.01015625 0.03359375
4 0.67265625 0.51015625 0.015625 0.06875
4 0.82109375 0.4 0.0109375 0.05
4 0.77578125 0.31171875 0.00703125 0.040625
4 0.65625 0.28515625 0.0078125 0.03828125
4 0.35078125 0.35703125 0.01484375 0.04375
4 0.53828125 0.434375 0.0171875 0.05078125
4 0.48046875 0.303125 0.009375 0.0359375
3 0.71328125 0.31484375 0.0109375 0.034375
0 0.26640625 0.45 0.00546875 0.01015625
4 0.6765625 0.36640625 0.01015625 0.04375
4 0.6265625 0.3296875 0.01015625 0.034375
4 0.78984375 0.353125 0.0125 0.040625
2 0.128125 0.3375 0.0125 0.03984375
5 0.26640625 0.58359375 0.021875 0.06875
3 0.4140625 0.24453125 0.009375 0.02890625
5 0.546875 0.25625 0.009375 0.02890625