5 0.8140625 0.390625 0.0140625 0.04765625
5 0.75234375 0.3296875 0.009375 0.03828125
4 0.63046875 0.46171875 0.0140625 0.0546875
4 0.1671875 0.44765625 0.01484375 0.05234375
4 0.66328125 0.3421875 0.009375 0.04453125
5 0.653125 0.41796875 0.01171875 0.0515625
4 0.5 0.56484375 0.01640625 0.0703125
5 0.61171875 0.53359375 0.02421875 0.0609375
5 0.58046875 0.3359375 0.01328125 0.040625
4 0.778125 0.384375 0.015625 0.0484375
5 0.48515625 0.29375 0.00859375 0.03203125
5 0.49375 0.45234375 0.021875 0.05234375
4 0.37421875 0.2953125 0.0109375 0.0375
4 0.7375 0.3296875 0.0125 0.04375
5 0.66640625 0.29296875 0.009375 0.03359375
5 0.35078125 0.3953125 0.01171875 0.04765625
4 0.584375 0.25234375 0.00859375 0.03515625
5 0.8171875 0.47109375 0.01328125 0.0625
3 0.59296875 0.3265625 0.0109375 0.0359375
3 0.940625 0.97109375 0.02109375 0.05703125
2 0.94609375 0.33828125 0.0140625 0.0421875
4 0.28046875 0.33515625 0.0140625 0.0421875
4 0.40859375 0.38359375 0.01015625 0.0421875
3 0.28671875 0.2546875 0.00859375 0.0265625
2 0.0109375 0.38671875 0.0171875 0.05