5 0.35859375 0.5609375 0.0234375 0.053125
5 0.49921875 0.46171875 0.009375 0.05
5 0.5234375 0.60234375 0.0234375 0.06484375
4 0.23359375 0.63203125 0.01875 0.071875
4 0.43671875 0.546875 0.01328125 0.059375
4 0.48125 0.39296875 0.009375 0.04375
0 0.26796875 0.56875 0.00625 0.009375
4 0.284375 0.56484375 0.015625 0.0609375
3 0.58359375 0.4921875 0.01640625 0.053125
4 0.2765625 0.484375 0.01484375 0.053125
4 0.06796875 0.5625 0.01640625 0.06171875
5 0.23359375 0.525 0.01953125 0.0578125
5 0.6 0.66640625 0.021875 0.0703125
5 0.82734375 0.40546875 0.0125 0.04609375
2 0.23828125 0.39609375 0.0078125 0.05
3 0.53046875 0.29609375 0.00625 0.02890625
4 0.6828125 0.5046875 0.015625 0.0578125
4 0.6109375 0.61640625 0.0171875 0.0734375
5 0.7296875 0.56953125 0.0125 0.0640625
5 0.7828125 0.5046875 0.0109375 0.053125
5 0.91171875 0.5921875 0.0140625 0.075
5 0.8703125 0.6625 0.01953125 0.07578125
4 0.89140625 0.621875 0.01640625 0.06640625
4 0.74296875 0.36328125 0.00859375 0.040625
3 0.9390625 0.7984375 0.025 0.09375