5 0.3171875 0.48984375 0.01328125 0.04765625
5 0.57578125 0.33125 0.009375 0.03515625
5 0.32578125 0.3296875 0.00625 0.03125
5 0.49609375 0.4390625 0.01484375 0.04609375
4 0.2171875 0.63671875 0.01640625 0.0703125
4 0.4609375 0.49765625 0.0171875 0.05078125
4 0.434375 0.41875 0.009375 0.04375
0 0.834375 0.40234375 0.00546875 0.0078125
4 0.3953125 0.371875 0.00859375 0.03515625
3 0.3953125 0.41015625 0.01015625 0.04296875
5 0.271875 0.43359375 0.00859375 0.04453125
2 0.81640625 0.375 0.01015625 0.03671875
4 0.278125 0.48203125 0.01171875 0.0484375
4 0.228125 0.4328125 0.009375 0.04375
4 0.134375 0.4140625 0.0109375 0.04140625
4 0.121875 0.46171875 0.01015625 0.04921875
4 0.10859375 0.55234375 0.01484375 0.06015625
4 0.21953125 0.35234375 0.009375 0.034375
5 0.19140625 0.409375 0.0109375 0.04453125
5 0.1359375 0.47578125 0.01484375 0.05078125
5 0.1421875 0.59296875 0.01328125 0.06328125
5 0.396875 0.6796875 0.0140625 0.0703125
5 0.9625 0.43828125 0.01796875 0.04375
3 0.12578125 0.3328125 0.00703125 0.028125