2 0.83671875 0.38125 0.0140625 0.0453125
3 0.19765625 0.2546875 0.0078125 0.03359375
3 0.42265625 0.47890625 0.0140625 0.05546875
5 0.83359375 0.49765625 0.01953125 0.05390625
5 0.62265625 0.34609375 0.01328125 0.04296875
0 0.67890625 0.4078125 0.0046875 0.00859375
5 0.55234375 0.5375 0.0171875 0.0578125
5 0.6578125 0.81171875 0.021875 0.08046875
5 0.4265625 0.83125 0.01875 0.08203125
5 0.24140625 0.71796875 0.01796875 0.08046875
5 0.1625 0.60078125 0.0171875 0.0703125
5 0.30546875 0.5046875 0.01328125 0.05546875
5 0.2421875 0.3859375 0.015625 0.05078125
5 0.33671875 0.2796875 0.01015625 0.03359375
4 0.3140625 0.40078125 0.0125 0.046875
4 0.20234375 0.46171875 0.015625 0.059375
4 0.2046875 0.38125 0.01015625 0.04453125
4 0.1375 0.60078125 0.0171875 0.071875
4 0.425 0.3328125 0.0125 0.04140625
4 0.20625 0.72578125 0.01796875 0.0765625
4 0.31484375 0.51796875 0.01875 0.06484375
4 0.5109375 0.64921875 0.01875 0.071875
4 0.48046875 0.496875 0.01796875 0.05859375
4 0.56640625 0.453125 0.01640625 0.0515625