3 0.5609375 0.36328125 0.0109375 0.040625
3 0.35234375 0.26875 0.0109375 0.0296875
0 0.2625 0.4984375 0.00546875 0.009375
2 0.08125 0.42578125 0.01484375 0.046875
4 0.35 0.42734375 0.0171875 0.0453125
4 0.35234375 0.5015625 0.0203125 0.05078125
4 0.8625 0.55078125 0.01640625 0.053125
4 0.66328125 0.6171875 0.01796875 0.06015625
4 0.64609375 0.43671875 0.0125 0.05234375
4 0.71171875 0.36796875 0.009375 0.0375
4 0.7203125 0.32265625 0.00859375 0.040625
4 0.79609375 0.39296875 0.0078125 0.04296875
4 0.8234375 0.4625 0.02109375 0.0515625
5 0.78046875 0.5046875 0.01484375 0.0515625
5 0.6921875 0.40625 0.01484375 0.04765625
5 0.66953125 0.3453125 0.01484375 0.0359375
5 0.5421875 0.35390625 0.00859375 0.03828125
4 0.546875 0.340625 0.01484375 0.03125
5 0.4 0.4390625 0.01015625 0.04765625
5 0.26171875 0.49296875 0.01953125 0.03984375
5 0.31796875 0.390625 0.01015625 0.0421875
5 0.38125 0.3296875 0.00859375 0.03515625
5 0.51875 0.82421875 0.01953125 0.07421875
5 0.4875 0.290625 0.009375 0.0375