4 0.72265625 0.33359375 0.0140625 0.04375
4 0.609375 0.38203125 0.0140625 0.053125
4 0.61328125 0.440625 0.01796875 0.059375
4 0.5234375 0.48515625 0.01640625 0.06796875
4 0.49375 0.35859375 0.01328125 0.06015625
4 0.48125 0.2921875 0.01328125 0.0453125
4 0.2953125 0.565625 0.01328125 0.07734375
4 0.30078125 0.43125 0.021875 0.06328125
4 0.3265625 0.35703125 0.0171875 0.05
4 0.3421875 0.3140625 0.0140625 0.04765625
5 0.41015625 0.2703125 0.0125 0.040625
5 0.33828125 0.60078125 0.01484375 0.08828125
5 0.49140625 0.434375 0.0171875 0.0578125
5 0.45390625 0.3453125 0.01484375 0.0453125
5 0.56015625 0.3171875 0.009375 0.04609375
5 0.6390625 0.27421875 0.009375 0.04140625
5 0.75 0.41328125 0.0125 0.06484375
5 0.9390625 0.45390625 0.015625 0.071875
5 0.8515625 0.33359375 0.0109375 0.0484375
5 0.771875 0.559375 0.0203125 0.08125
0 0.746875 0.59765625 0.00625 0.0125
3 0.509375 0.396875 0.01171875 0.0625
3 0.4046875 0.24609375 0.0078125 0.03359375
2 0.02421875 0.36796875 0.02109375 0.0625