2 0.1 0.4046875 0.01640625 0.059375
0 0.76484375 0.50859375 0.0046875 0.01015625
3 0.7375 0.4953125 0.015625 0.06484375
3 0.45546875 0.3046875 0.009375 0.03515625
5 0.23046875 0.4765625 0.01953125 0.0625
5 0.38984375 0.621875 0.02578125 0.08125
4 0.421875 0.490625 0.015625 0.065625
5 0.43515625 0.4109375 0.0109375 0.05625
5 0.49453125 0.36484375 0.0140625 0.04453125
5 0.5015625 0.45390625 0.0171875 0.059375
5 0.51640625 0.49765625 0.0234375 0.0671875
5 0.62109375 0.421875 0.0140625 0.0515625
5 0.78828125 0.53984375 0.01640625 0.07578125
5 0.59609375 0.5828125 0.01875 0.07734375
5 0.77265625 0.409375 0.0125 0.0515625
4 0.56171875 0.39609375 0.0125 0.0515625
4 0.54453125 0.4578125 0.015625 0.0578125
4 0.6109375 0.4484375 0.01484375 0.0578125
4 0.7546875 0.50234375 0.02578125 0.0671875
4 0.68359375 0.7078125 0.021875 0.09296875
4 0.790625 0.3984375 0.0125 0.0515625
4 0.8078125 0.4203125 0.015625 0.0546875
4 0.91171875 0.509375 0.01484375 0.0703125
4 0.88515625 0.57421875 0.0234375 0.08046875