4 0.790625 0.425 0.0140625 0.0515625
4 0.77421875 0.34453125 0.0140625 0.0453125
4 0.74765625 0.4890625 0.01015625 0.06171875
4 0.6015625 0.43359375 0.0109375 0.05390625
4 0.6828125 0.81015625 0.02265625 0.084375
4 0.26875 0.6765625 0.01484375 0.06796875
4 0.27890625 0.54765625 0.01640625 0.0671875
4 0.39765625 0.41640625 0.02265625 0.04921875
4 0.421875 0.29375 0.009375 0.040625
4 0.56328125 0.259375 0.0078125 0.0296875
5 0.50546875 0.33125 0.0109375 0.04140625
5 0.34140625 0.3875 0.015625 0.04765625
5 0.38828125 0.321875 0.009375 0.04296875
5 0.440625 0.4203125 0.01015625 0.05
5 0.27890625 0.48125 0.01171875 0.05703125
5 0.55546875 0.56796875 0.0140625 0.06484375
5 0.2234375 0.615625 0.01640625 0.06875
5 0.69375 0.37265625 0.0078125 0.0453125
5 0.6578125 0.446875 0.0125 0.0546875
5 0.58359375 0.44453125 0.00859375 0.0515625
3 0.415625 0.24375 0.00859375 0.0328125
3 0.453125 0.4625 0.0109375 0.05546875
2 0.03828125 0.384375 0.0171875 0.0484375
0 0.734375 0.49765625 0.00625 0.01015625