3 0.9828125 0.96796875 0.028125 0.0640625
3 0.38671875 0.50546875 0.015625 0.046875
3 0.42734375 0.3765625 0.01015625 0.03125
5 0.4609375 0.590625 0.0140625 0.06328125
5 0.65859375 0.4828125 0.0125 0.0453125
5 0.4125 0.475 0.009375 0.04375
5 0.2828125 0.45546875 0.0109375 0.04140625
5 0.27578125 0.490625 0.0109375 0.04140625
5 0.2359375 0.52734375 0.01171875 0.05
5 0.2015625 0.55703125 0.01171875 0.05234375
5 0.21484375 0.484375 0.00859375 0.04453125
5 0.26015625 0.44765625 0.01015625 0.03828125
2 0.2515625 0.46875 0.0125 0.0453125
4 0.09609375 0.578125 0.0140625 0.05078125
4 0.87421875 0.54921875 0.00859375 0.0578125
4 0.81796875 0.48515625 0.00859375 0.04609375
4 0.60703125 0.590625 0.01484375 0.06171875
4 0.6125 0.50234375 0.01171875 0.04453125
4 0.5453125 0.478125 0.0078125 0.04140625
4 0.56171875 0.43046875 0.00859375 0.03515625
5 0.809375 0.521875 0.0109375 0.04453125
4 0.38359375 0.515625 0.01171875 0.05234375
4 0.2875 0.51328125 0.00859375 0.04609375
4 0.26953125 0.46640625 0.009375 0.0359375
0 0.2515625 0.4625 0.0046875 0.0078125
0 0.25390625 0.42109375 0.00234375 0.00546875
0 0.303125 0.4015625 0.003125 0.0046875
0 0.3421875 0.38671875 0.00234375 0.0046875
0 0.41484375 0.38359375 0.003125 0.00625
0 0.4796875 0.38984375 0.00234375 0.00546875
0 0.52890625 0.396875 0.003125 0.00625
0 0.71953125 0.41328125 0.003125 0.00625
0 0.1765625 0.83046875 0.0078125 0.0125