3 0.92109375 0.921875 0.02890625 0.08515625
3 0.5875 0.1921875 0.00859375 0.02890625
3 0.4828125 0.4453125 0.01015625 0.04765625
4 0.41015625 0.35390625 0.00859375 0.03984375
4 0.47734375 0.34296875 0.0125 0.0453125
4 0.54296875 0.26171875 0.0125 0.034375
4 0.63671875 0.35078125 0.009375 0.03828125
4 0.6390625 0.48515625 0.0109375 0.04921875
4 0.43359375 0.51875 0.01328125 0.053125
4 0.8 0.2609375 0.00703125 0.03203125
4 0.90390625 0.5078125 0.0140625 0.05859375
4 0.63203125 0.6578125 0.01875 0.0671875
4 0.31171875 0.56171875 0.01484375 0.0421875
0 0.32265625 0.58046875 0.0046875 0.009375
5 0.3 0.58515625 0.0203125 0.0578125
5 0.42265625 0.4875 0.0234375 0.04375
5 0.3734375 0.35703125 0.009375 0.03828125
5 0.44921875 0.31875 0.01484375 0.040625
5 0.49765625 0.35078125 0.01875 0.040625
5 0.503125 0.28515625 0.0125 0.03515625
5 0.2984375 0.54453125 0.01953125 0.03828125
5 0.578125 0.6359375 0.0109375 0.0625
5 0.75546875 0.3421875 0.0125 0.04140625
5 0.8890625 0.53828125 0.0171875 0.059375
2 0.3 0.2859375 0.01015625 0.03671875