0 0.0984375 0.4734375 0.0046875 0.009375
2 0.10546875 0.37890625 0.0140625 0.0421875
3 0.7953125 0.81171875 0.03203125 0.1015625
3 0.37578125 0.2953125 0.00859375 0.0296875
3 0.50703125 0.41953125 0.01171875 0.05234375
5 0.79375 0.503125 0.0140625 0.059375
5 0.69921875 0.375 0.0125 0.04609375
5 0.5609375 0.50078125 0.01484375 0.0625
5 0.659375 0.31171875 0.01015625 0.03515625
4 0.7375 0.34453125 0.01015625 0.04140625
4 0.7515625 0.4046875 0.01015625 0.05
4 0.7515625 0.521875 0.01796875 0.06640625
4 0.60546875 0.3984375 0.0109375 0.0484375
4 0.43828125 0.35078125 0.01015625 0.04140625
4 0.39453125 0.415625 0.02109375 0.046875
4 0.4109375 0.46171875 0.01328125 0.0515625
4 0.28671875 0.58984375 0.01953125 0.07421875
4 0.28515625 0.41328125 0.01328125 0.0484375
4 0.1125 0.4703125 0.01015625 0.04921875
5 0.08125 0.47109375 0.01640625 0.05
5 0.01640625 0.66171875 0.021875 0.0828125
5 0.3375 0.3328125 0.009375 0.0375
5 0.50234375 0.3734375 0.01171875 0.04609375
5 0.36796875 0.4453125 0.0140625 0.05625
5 0.3546875 0.41640625 0.0140625 0.0546875