3 0.9859375 0.7703125 0.028125 0.0765625
3 0.575 0.428125 0.0109375 0.03515625
3 0.41640625 0.3203125 0.00625 0.0203125
0 0.45390625 0.38828125 0.00546875 0.00859375
5 0.3609375 0.446875 0.01015625 0.0359375
5 0.38125 0.3546875 0.0046875 0.0234375
5 0.596875 0.40078125 0.01015625 0.03359375
5 0.61953125 0.54296875 0.0109375 0.0453125
5 0.60546875 0.34140625 0.00546875 0.025
4 0.42109375 0.38828125 0.0078125 0.03046875
4 0.47890625 0.48359375 0.0125 0.04453125
4 0.5703125 0.55234375 0.0171875 0.04453125
4 0.53359375 0.38203125 0.009375 0.0328125
4 0.6890625 0.45546875 0.01015625 0.03359375
4 0.76796875 0.38515625 0.01015625 0.03046875
5 0.68828125 0.48046875 0.0078125 0.0328125
5 0.64609375 0.6328125 0.0265625 0.05859375
5 0.1296875 0.5171875 0.015625 0.05
2 0.20546875 0.42421875 0.00703125 0.0390625
5 0.80703125 0.43203125 0.0140625 0.03828125
5 0.85859375 0.621875 0.02578125 0.06171875
4 0.825 0.6359375 0.025 0.05859375
4 0.828125 0.43828125 0.0125 0.03515625
4 0.903125 0.5484375 0.01328125 0.05234375
4 0.23984375 0.46328125 0.0109375 0.040625