5 0.4734375 0.40703125 0.0109375 0.0515625
5 0.49296875 0.4734375 0.0171875 0.0703125
5 0.49765625 0.55390625 0.015625 0.07109375
5 0.3171875 0.5265625 0.0125 0.06796875
5 0.259375 0.5328125 0.02109375 0.06796875
5 0.23984375 0.5390625 0.01875 0.0703125
5 0.24140625 0.48984375 0.0140625 0.0546875
5 0.20546875 0.5203125 0.01171875 0.075
5 0.1828125 0.565625 0.01484375 0.06875
2 0.15625 0.50703125 0.0125 0.07109375
4 0.19765625 0.56875 0.021875 0.0671875
4 0.3046875 0.553125 0.01640625 0.07890625
4 0.27265625 0.540625 0.015625 0.06875
4 0.34765625 0.53125 0.01875 0.06484375
4 0.25 0.49296875 0.0140625 0.0625
4 0.53203125 0.3859375 0.009375 0.04921875
4 0.66640625 0.5109375 0.01484375 0.06875
4 0.61484375 0.6 0.0109375 0.078125
0 0.4578125 0.39609375 0.0046875 0.009375
4 0.41875 0.37109375 0.01171875 0.040625
3 0.48046875 0.37265625 0.009375 0.046875
3 0.403125 0.5859375 0.0140625 0.07890625
4 0.959375 0.59296875 0.01015625 0.07421875
5 0.24609375 0.47734375 0.01171875 0.04921875