5 0.91640625 0.53203125 0.01484375 0.071875
5 0.91953125 0.61640625 0.015625 0.0671875
5 0.7171875 0.65390625 0.0234375 0.07734375
5 0.70546875 0.52734375 0.01328125 0.0625
5 0.7234375 0.46953125 0.0125 0.0609375
5 0.634375 0.66015625 0.01484375 0.07890625
5 0.57890625 0.50703125 0.0125 0.06171875
5 0.615625 0.41796875 0.01015625 0.04453125
2 0.76640625 0.39140625 0.01171875 0.04609375
0 0.859375 0.5640625 0.00546875 0.0125
4 0.74921875 0.5625 0.01953125 0.059375
4 0.75234375 0.50234375 0.0125 0.05546875
4 0.61328125 0.65625 0.03203125 0.07578125
4 0.60625 0.5359375 0.01484375 0.06171875
4 0.85859375 0.53984375 0.0125 0.0609375
3 0.50625 0.48984375 0.0125 0.053125
4 0.2484375 0.678125 0.01953125 0.08984375
4 0.13359375 0.5578125 0.015625 0.06484375
4 0.36796875 0.47890625 0.01015625 0.05859375
4 0.50390625 0.62578125 0.0234375 0.08125
4 0.41328125 0.684375 0.01640625 0.08515625
5 0.41953125 0.6921875 0.0125 0.08515625
5 0.39296875 0.4421875 0.0109375 0.05078125
3 0.0421875 0.34375 0.01015625 0.03828125