0 0.16015625 0.5484375 0.00625 0.0125
3 0.31640625 0.29765625 0.0109375 0.03515625
4 0.1453125 0.48359375 0.01640625 0.06796875
4 0.3796875 0.35546875 0.01328125 0.0484375
4 0.2 0.7609375 0.021875 0.1046875
4 0.4046875 0.80234375 0.0234375 0.09140625
4 0.48828125 0.63203125 0.0203125 0.08203125
4 0.446875 0.475 0.01171875 0.05859375
4 0.61875 0.3171875 0.0078125 0.03984375
4 0.68046875 0.48125 0.01015625 0.05859375
4 0.70390625 0.703125 0.0171875 0.08671875
3 0.58046875 0.571875 0.0109375 0.08984375
5 0.540625 0.7109375 0.0234375 0.0875
5 0.38203125 0.55078125 0.0125 0.06796875
5 0.4171875 0.4546875 0.01484375 0.0609375
5 0.58671875 0.39296875 0.01328125 0.0484375
5 0.68828125 0.375 0.0109375 0.0484375
5 0.62421875 0.48515625 0.0125 0.06171875
5 0.6921875 0.59296875 0.0140625 0.071875
5 0.87421875 0.65859375 0.02578125 0.08125
5 0.73984375 0.44609375 0.0125 0.0625
5 0.79609375 0.50078125 0.01171875 0.0671875
4 0.79375 0.4703125 0.0140625 0.05546875