2 0.2015625 0.3015625 0.009375 0.04140625
4 0.34765625 0.21484375 0.0109375 0.03515625
4 0.27734375 0.4328125 0.0125 0.0578125
4 0.4140625 0.4390625 0.0125 0.05078125
4 0.553125 0.2703125 0.0125 0.0390625
4 0.565625 0.18671875 0.01015625 0.03125
5 0.39140625 0.37109375 0.0125 0.04765625
5 0.509375 0.27265625 0.0109375 0.0359375
5 0.5609375 0.22734375 0.0109375 0.03125
5 0.63125 0.371875 0.0125 0.04453125
5 0.4828125 0.4921875 0.01640625 0.05078125
4 0.53515625 0.6859375 0.0140625 0.075
4 0.7390625 0.459375 0.01015625 0.05234375
3 0.6359375 0.30703125 0.01171875 0.0390625
4 0.703125 0.2484375 0.01328125 0.03671875
5 0.690625 0.26875 0.0140625 0.0359375
5 0.84375 0.2984375 0.01640625 0.04375
5 0.85859375 0.3671875 0.0140625 0.046875
5 0.8328125 0.475 0.015625 0.05234375
5 0.7984375 0.234375 0.0109375 0.0265625
4 0.82578125 0.34296875 0.01640625 0.0390625
4 0.7703125 0.21953125 0.01328125 0.03125
3 0.4234375 0.1671875 0.009375 0.03203125
3 0.96171875 0.8375 0.0390625 0.07265625