4 0.11875 0.41796875 0.0125 0.0421875
3 0.1328125 0.28984375 0.01015625 0.03359375
5 0.15390625 0.4671875 0.01484375 0.05703125
5 0.44375 0.30625 0.01171875 0.04296875
5 0.80078125 0.48984375 0.01171875 0.05859375
5 0.8484375 0.4015625 0.01015625 0.053125
5 0.7359375 0.33515625 0.009375 0.03515625
5 0.73359375 0.315625 0.0078125 0.02890625
5 0.66640625 0.29375 0.00859375 0.03125
5 0.6078125 0.3375 0.00859375 0.0375
5 0.51640625 0.3828125 0.0109375 0.04375
5 0.53203125 0.39375 0.009375 0.0421875
0 0.796875 0.4203125 0.00546875 0.009375
2 0.78828125 0.33515625 0.01171875 0.03984375
4 0.61875 0.371875 0.009375 0.03828125
4 0.671875 0.315625 0.00859375 0.0375
4 0.57890625 0.3015625 0.009375 0.03828125
4 0.56171875 0.3734375 0.01328125 0.04765625
4 0.47109375 0.35390625 0.01171875 0.04296875
4 0.4609375 0.41171875 0.01328125 0.04296875
4 0.46875 0.5046875 0.015625 0.05625
4 0.325 0.44453125 0.0109375 0.046875
4 0.3890625 0.3234375 0.01015625 0.03828125
3 0.5453125 0.3359375 0.01015625 0.0390625