2 0.86328125 0.48125 0.00859375 0.04296875
0 0.7484375 0.5421875 0.0046875 0.01015625
3 0.9046875 0.746875 0.01953125 0.0640625
5 0.75859375 0.74140625 0.0125 0.065625
5 0.83828125 0.63125 0.02109375 0.0578125
4 0.68203125 0.6015625 0.01640625 0.05078125
4 0.62734375 0.50234375 0.0078125 0.046875
5 0.671875 0.39765625 0.0078125 0.034375
5 0.5671875 0.53828125 0.0109375 0.0484375
5 0.43984375 0.43671875 0.0078125 0.03984375
5 0.41796875 0.35546875 0.00859375 0.0328125
4 0.4125 0.40390625 0.0078125 0.03828125
4 0.38515625 0.4640625 0.009375 0.0421875
4 0.5703125 0.7015625 0.0140625 0.05703125
3 0.34296875 0.5234375 0.0109375 0.0484375
3 0.2421875 0.33125 0.00625 0.02578125
4 0.25703125 0.43359375 0.0078125 0.0390625
4 0.23203125 0.515625 0.009375 0.0515625
4 0.2703125 0.72578125 0.0140625 0.06171875
4 0.34765625 0.59296875 0.0140625 0.05234375
4 0.1890625 0.62265625 0.00703125 0.06015625
5 0.2734375 0.596875 0.0125 0.0515625
5 0.18046875 0.64375 0.01171875 0.05859375
5 0.35234375 0.73828125 0.01328125 0.06328125
5 0.2859375 0.4875 0.009375 0.04453125