5 0.071875 0.53515625 0.01953125 0.08828125
3 0.2125 0.2984375 0.01171875 0.05703125
5 0.22265625 0.29921875 0.01171875 0.0609375
5 0.28046875 0.32890625 0.01484375 0.059375
5 0.35 0.4328125 0.01796875 0.07109375
5 0.453125 0.52109375 0.01640625 0.084375
5 0.55 0.31640625 0.01015625 0.04609375
0 0.57421875 0.34296875 0.00546875 0.009375
4 0.5140625 0.46953125 0.01484375 0.07265625
4 0.5421875 0.478125 0.01484375 0.07421875
4 0.58828125 0.43671875 0.01484375 0.06953125
4 0.61640625 0.4390625 0.01875 0.05625
4 0.621875 0.48671875 0.0171875 0.075
4 0.64921875 0.403125 0.01484375 0.05703125
4 0.66328125 0.4421875 0.0234375 0.065625
4 0.73359375 0.49609375 0.0171875 0.075
5 0.69140625 0.44609375 0.021875 0.0640625
5 0.6875 0.5453125 0.02578125 0.0765625
5 0.6390625 0.53203125 0.021875 0.0765625
5 0.7046875 0.4828125 0.02109375 0.0625
2 0.76796875 0.42890625 0.02109375 0.05546875
4 0.4296875 0.334375 0.01484375 0.04921875
4 0.371875 0.32421875 0.0171875 0.0609375