5 0.8375 0.70859375 0.01328125 0.06484375
5 0.8375 0.47265625 0.01015625 0.053125
5 0.6203125 0.5734375 0.01328125 0.06015625
4 0.7046875 0.66640625 0.015625 0.06953125
4 0.6875 0.42890625 0.0109375 0.05078125
5 0.634375 0.35078125 0.00859375 0.0421875
5 0.35625 0.78671875 0.0265625 0.0640625
5 0.3765625 0.65859375 0.0171875 0.06328125
5 0.2265625 0.63203125 0.0140625 0.06015625
5 0.36171875 0.509375 0.0125 0.05078125
5 0.3109375 0.4984375 0.01328125 0.0484375
0 0.3234375 0.6328125 0.00625 0.0125
4 0.31015625 0.65703125 0.025 0.0609375
4 0.2328125 0.534375 0.01953125 0.05078125
4 0.43359375 0.59375 0.01875 0.06484375
4 0.396875 0.478125 0.01484375 0.0484375
4 0.3046875 0.43046875 0.009375 0.0484375
4 0.35234375 0.37109375 0.01015625 0.040625
3 0.4703125 0.44453125 0.0125 0.0515625
5 0.33984375 0.38671875 0.009375 0.04375
2 0.16875 0.36484375 0.01015625 0.0421875
4 0.228125 0.6171875 0.02109375 0.0609375
4 0.35 0.74609375 0.01640625 0.0734375
3 0.890625 0.9734375 0.01875 0.053125
3 0.48125 0.234375 0.00703125 0.03203125