0 0.72109375 0.66015625 0.00625 0.01328125
4 0.79609375 0.41328125 0.0125 0.05625
4 0.73359375 0.62578125 0.0140625 0.07890625
4 0.65703125 0.30390625 0.01015625 0.0421875
4 0.534375 0.4515625 0.0125 0.065625
4 0.534375 0.32890625 0.00859375 0.04921875
5 0.65234375 0.36796875 0.0109375 0.0515625
5 0.66796875 0.51875 0.01484375 0.0640625
5 0.453125 0.49765625 0.01171875 0.0703125
4 0.38828125 0.78515625 0.03046875 0.096875
4 0.31328125 0.40859375 0.0125 0.0546875
4 0.34609375 0.33671875 0.0109375 0.0359375
4 0.2109375 0.4046875 0.01796875 0.05625
5 0.2203125 0.45390625 0.0125 0.0625
5 0.2421875 0.63046875 0.025 0.07578125
5 0.39140625 0.39609375 0.01328125 0.05546875
5 0.41796875 0.33359375 0.01171875 0.04140625
5 0.22890625 0.36640625 0.01171875 0.05234375
5 0.17109375 0.40703125 0.01484375 0.0578125
5 0.28671875 0.309375 0.01171875 0.0453125
3 0.26640625 0.26015625 0.01015625 0.03828125
4 0.3546875 0.2640625 0.009375 0.03984375
3 0.36796875 0.43671875 0.01328125 0.0546875