3 0.39765625 0.23359375 0.0078125 0.03515625
3 0.415625 0.45390625 0.0125 0.0609375
4 0.446875 0.45546875 0.01328125 0.05546875
4 0.4953125 0.30234375 0.015625 0.04609375
4 0.6125 0.53671875 0.0125 0.0671875
4 0.4046875 0.6 0.01796875 0.07265625
4 0.39765625 0.7359375 0.02109375 0.08515625
4 0.21015625 0.67421875 0.0203125 0.07421875
4 0.1359375 0.55078125 0.028125 0.05546875
5 0.3859375 0.3546875 0.0125 0.05078125
5 0.2703125 0.4578125 0.02578125 0.05546875
5 0.25078125 0.55078125 0.015625 0.0640625
5 0.3640625 0.60234375 0.01875 0.075
5 0.5328125 0.5546875 0.01484375 0.0640625
5 0.54921875 0.42734375 0.0140625 0.05859375
2 0.03203125 0.375 0.01484375 0.0484375
5 0.140625 0.54140625 0.0203125 0.0625
5 0.13203125 0.57890625 0.01875 0.05859375
5 0.19609375 0.66015625 0.01796875 0.06875
5 0.68359375 0.6359375 0.01484375 0.071875
4 0.75703125 0.67578125 0.01875 0.084375
4 0.7765625 0.5765625 0.01875 0.07109375
4 0.73671875 0.44296875 0.015625 0.0625
0 0.396875 0.69765625 0.00625 0.0125
3 0.81484375 0.7796875 0.01875 0.08515625