2 0.975 0.28359375 0.01640625 0.059375
5 0.77578125 0.31328125 0.01640625 0.0609375
5 0.80234375 0.3515625 0.01328125 0.05546875
5 0.67265625 0.359375 0.0203125 0.06875
5 0.7 0.2765625 0.01328125 0.05390625
5 0.68828125 0.23828125 0.01171875 0.04921875
5 0.64765625 0.5046875 0.0296875 0.0703125
4 0.75234375 0.4296875 0.01640625 0.06875
4 0.615625 0.33203125 0.01953125 0.06015625
4 0.71171875 0.25859375 0.015625 0.05859375
4 0.65859375 0.215625 0.01640625 0.05078125
4 0.56015625 0.31015625 0.02421875 0.0515625
5 0.5859375 0.328125 0.0140625 0.0609375
5 0.5046875 0.29609375 0.015625 0.05390625
3 0.5078125 0.25625 0.01953125 0.04609375
5 0.3671875 0.22890625 0.01484375 0.04921875
5 0.17734375 0.409375 0.0203125 0.0640625
4 0.3375 0.36953125 0.01484375 0.06015625
4 0.465625 0.509375 0.021875 0.06328125
4 0.31875 0.2375 0.02109375 0.05859375
4 0.384375 0.26953125 0.01640625 0.0546875
0 0.4078125 0.24765625 0.0046875 0.00859375
4 0.0734375 0.3890625 0.01640625 0.06484375
3 0.07734375 0.165625 0.0171875 0.04296875