2 0.13828125 0.37265625 0.01015625 0.04375
5 0.31875 0.36171875 0.01328125 0.04375
4 0.33125 0.453125 0.01640625 0.05390625
3 0.49140625 0.27265625 0.01015625 0.025
3 0.54453125 0.37265625 0.0125 0.0453125
3 0.91171875 0.7078125 0.02265625 0.08359375
4 0.39453125 0.4 0.01015625 0.05
4 0.434375 0.46484375 0.01328125 0.05234375
4 0.44921875 0.41796875 0.01171875 0.0421875
4 0.5484375 0.45 0.01328125 0.05234375
4 0.50859375 0.34765625 0.009375 0.03671875
4 0.559375 0.3828125 0.01015625 0.04453125
5 0.5453125 0.3875 0.0125 0.040625
5 0.42265625 0.51796875 0.01328125 0.05703125
5 0.4484375 0.4453125 0.0125 0.0453125
5 0.58359375 0.43984375 0.0125 0.05078125
5 0.665625 0.44140625 0.01171875 0.0515625
5 0.71015625 0.3640625 0.0125 0.04609375
5 0.7828125 0.4140625 0.01171875 0.05234375
5 0.775 0.45 0.009375 0.046875
5 0.8140625 0.50703125 0.015625 0.0578125
4 0.7765625 0.484375 0.0109375 0.0578125
4 0.64296875 0.43828125 0.01484375 0.0546875
4 0.603125 0.4203125 0.0109375 0.0546875
0 0.51484375 0.28203125 0.00546875 0.01171875