3 0.41171875 0.32734375 0.009375 0.025
3 0.58828125 0.4375 0.00703125 0.03984375
3 0.91875 0.69453125 0.02265625 0.07578125
2 0.95546875 0.41640625 0.0125 0.0390625
5 0.7484375 0.534375 0.01328125 0.05390625
5 0.69375 0.46328125 0.01875 0.0453125
5 0.68984375 0.63125 0.0171875 0.0625
5 0.5703125 0.46484375 0.00859375 0.0453125
4 0.72578125 0.45 0.009375 0.04765625
4 0.684375 0.59296875 0.0125 0.0578125
4 0.80703125 0.5671875 0.015625 0.05625
4 0.76484375 0.5109375 0.01015625 0.05390625
4 0.6796875 0.39921875 0.0078125 0.03671875
4 0.66484375 0.47109375 0.01171875 0.046875
4 0.57421875 0.475 0.0125 0.04765625
4 0.5234375 0.4109375 0.009375 0.040625
4 0.46953125 0.44296875 0.0078125 0.046875
4 0.4453125 0.48125 0.0140625 0.04765625
5 0.440625 0.57109375 0.0140625 0.05859375
5 0.365625 0.4859375 0.01015625 0.05
5 0.39609375 0.446875 0.01484375 0.0453125
5 0.49921875 0.4921875 0.009375 0.05078125
5 0.49609375 0.40546875 0.00703125 0.03359375
5 0.53671875 0.44296875 0.0078125 0.04453125