4 0.98515625 0.46953125 0.0140625 0.07890625
5 0.96875 0.4703125 0.0140625 0.07109375
4 0.66640625 0.57265625 0.0265625 0.06640625
4 0.5765625 0.46953125 0.01953125 0.06484375
4 0.6578125 0.40546875 0.01328125 0.0640625
4 0.56875 0.3265625 0.01328125 0.0515625
5 0.5921875 0.346875 0.0109375 0.05234375
5 0.4484375 0.32890625 0.0140625 0.05078125
3 0.3984375 0.28828125 0.00859375 0.04140625
3 0.4390625 0.4203125 0.015625 0.06484375
0 0.11640625 0.5015625 0.00703125 0.01171875
4 0.09765625 0.40625 0.0109375 0.06171875
4 0.24609375 0.45703125 0.01484375 0.05703125
4 0.2453125 0.36875 0.009375 0.0515625
4 0.17734375 0.39375 0.01484375 0.0515625
4 0.15 0.3484375 0.0125 0.05625
5 0.1109375 0.43203125 0.0171875 0.04375
5 0.2125 0.3734375 0.01171875 0.04765625
5 0.2234375 0.359375 0.0109375 0.0546875
5 0.24765625 0.409375 0.01640625 0.04609375
5 0.31640625 0.4609375 0.01875 0.05546875
5 0.32265625 0.36796875 0.009375 0.06015625
5 0.16796875 0.38984375 0.0140625 0.0421875
2 0.13828125 0.3890625 0.0171875 0.053125