2 0.8109375 0.29609375 0.0140625 0.04296875
5 0.7703125 0.34375 0.0125 0.0453125
5 0.68515625 0.309375 0.01484375 0.0375
5 0.64765625 0.3109375 0.0171875 0.0234375
5 0.6390625 0.284375 0.01015625 0.034375
5 0.628125 0.31015625 0.01328125 0.03671875
5 0.55234375 0.31640625 0.01171875 0.04296875
5 0.471875 0.30546875 0.0109375 0.0390625
5 0.4703125 0.49765625 0.01640625 0.06875
4 0.43984375 0.37109375 0.01171875 0.04921875
4 0.42734375 0.25625 0.01171875 0.04140625
4 0.5828125 0.51484375 0.02734375 0.0703125
4 0.66328125 0.3203125 0.0125 0.046875
4 0.71640625 0.340625 0.015625 0.03671875
4 0.628125 0.28828125 0.0125 0.03828125
4 0.64375 0.30390625 0.009375 0.0390625
0 0.49921875 0.3171875 0.0046875 0.01015625
3 0.50390625 0.29609375 0.01015625 0.0421875
5 0.34453125 0.30078125 0.01484375 0.0390625
5 0.240625 0.34765625 0.01171875 0.04765625
4 0.31171875 0.3140625 0.0171875 0.040625
4 0.23125 0.45 0.01640625 0.0609375
4 0.190625 0.365625 0.01796875 0.05234375
3 0.17109375 0.25625 0.0078125 0.03515625