3 0.3640625 0.25703125 0.0140625 0.0421875
3 0.47890625 0.43046875 0.01484375 0.06484375
4 0.2015625 0.6921875 0.028125 0.09140625
4 0.5234375 0.51875 0.0171875 0.08046875
4 0.4859375 0.3515625 0.0140625 0.05546875
4 0.54140625 0.284375 0.01171875 0.04375
4 0.325 0.271875 0.01171875 0.04765625
4 0.33203125 0.37890625 0.015625 0.05859375
5 0.20390625 0.615625 0.02109375 0.08984375
5 0.31484375 0.403125 0.01328125 0.0640625
5 0.40703125 0.50234375 0.01640625 0.071875
5 0.496875 0.30234375 0.0109375 0.0484375
5 0.35234375 0.3078125 0.01171875 0.0484375
5 0.3515625 0.35859375 0.01484375 0.05625
5 0.59375 0.396875 0.015625 0.0640625
4 0.6640625 0.37734375 0.01484375 0.0609375
4 0.76796875 0.3328125 0.01875 0.05625
4 0.6984375 0.52578125 0.0234375 0.07421875
4 0.90625 0.3859375 0.015625 0.0609375
5 0.78984375 0.42265625 0.015625 0.06171875
5 0.6828125 0.4015625 0.015625 0.06171875
5 0.64453125 0.5203125 0.02578125 0.065625
0 0.6953125 0.54140625 0.00390625 0.009375