5 0.171875 0.61015625 0.01953125 0.06640625
5 0.18203125 0.48515625 0.01328125 0.059375
5 0.25703125 0.43203125 0.009375 0.05234375
5 0.47265625 0.39609375 0.00703125 0.04375
5 0.43984375 0.46484375 0.01796875 0.0515625
5 0.45 0.540625 0.00859375 0.059375
5 0.73984375 0.46640625 0.01875 0.05
5 0.76640625 0.40546875 0.0109375 0.04453125
5 0.63359375 0.409375 0.0125 0.04453125
5 0.62265625 0.3828125 0.009375 0.03515625
0 0.675 0.3953125 0.0046875 0.00703125
4 0.6515625 0.375 0.01484375 0.04296875
4 0.490625 0.57734375 0.01484375 0.06484375
4 0.51015625 0.47265625 0.015625 0.053125
4 0.51875 0.4 0.009375 0.04375
4 0.678125 0.41328125 0.01484375 0.03125
4 0.86015625 0.47734375 0.0109375 0.0515625
4 0.88828125 0.63359375 0.0265625 0.06796875
4 0.91015625 0.39375 0.00859375 0.04765625
3 0.54296875 0.4359375 0.0140625 0.05
3 0.2125 0.384375 0.009375 0.040625
4 0.2765625 0.43125 0.01015625 0.05390625
4 0.26640625 0.69921875 0.01875 0.08046875