4 0.275 0.559375 0.01328125 0.0640625
4 0.31953125 0.45625 0.01484375 0.04609375
4 0.29375 0.409375 0.0109375 0.040625
4 0.33828125 0.37421875 0.00859375 0.0296875
4 0.50546875 0.38671875 0.00859375 0.0359375
4 0.63203125 0.384375 0.00859375 0.03046875
4 0.65 0.3734375 0.009375 0.034375
4 0.6375 0.35 0.01171875 0.021875
5 0.3640625 0.45625 0.0109375 0.046875
5 0.309375 0.4078125 0.009375 0.03984375
5 0.5765625 0.40859375 0.009375 0.03828125
5 0.63828125 0.4703125 0.0125 0.04296875
5 0.571875 0.3640625 0.01015625 0.034375
5 0.6703125 0.38515625 0.00703125 0.0296875
5 0.6828125 0.36640625 0.00625 0.025
3 0.22734375 0.34921875 0.00703125 0.025
3 0.6296875 0.4125 0.00859375 0.0359375
4 0.72265625 0.4359375 0.01171875 0.04375
4 0.85 0.440625 0.01015625 0.0453125
5 0.73203125 0.3890625 0.0078125 0.03671875
5 0.7140625 0.4078125 0.00859375 0.03828125
5 0.83125 0.41796875 0.01171875 0.040625
2 0.7453125 0.37578125 0.00859375 0.025
0 0.63828125 0.33671875 0.0046875 0.00703125