2 0.05078125 0.38359375 0.0125 0.03671875
5 0.134375 0.3796875 0.0140625 0.03828125
5 0.23984375 0.4375 0.01328125 0.046875
5 0.38359375 0.3921875 0.0078125 0.040625
5 0.421875 0.31484375 0.009375 0.0328125
5 0.51796875 0.55078125 0.0125 0.0546875
5 0.559375 0.44453125 0.01484375 0.04609375
5 0.5421875 0.37734375 0.009375 0.034375
3 0.46796875 0.375 0.0140625 0.04140625
3 0.4171875 0.26328125 0.01015625 0.03046875
4 0.43125 0.35546875 0.00859375 0.040625
4 0.39453125 0.38828125 0.01015625 0.0421875
4 0.4 0.3203125 0.01015625 0.03671875
4 0.45625 0.44296875 0.01875 0.0453125
4 0.5296875 0.40546875 0.0125 0.0453125
4 0.54453125 0.36171875 0.0078125 0.03671875
4 0.31796875 0.546875 0.0125 0.05
4 0.28359375 0.43515625 0.0109375 0.0453125
3 0.871875 0.9828125 0.025 0.034375
4 0.67578125 0.42890625 0.01484375 0.03828125
4 0.7140625 0.40390625 0.01328125 0.04296875
5 0.7640625 0.4390625 0.009375 0.05078125
5 0.684375 0.4203125 0.0125 0.040625
5 0.70703125 0.3546875 0.01171875 0.04140625