2 0.0890625 0.4421875 0.01171875 0.04453125
3 0.384375 0.33828125 0.0078125 0.028125
3 0.5015625 0.48828125 0.01328125 0.0515625
0 0.49140625 0.51953125 0.00625 0.009375
4 0.6890625 0.50546875 0.01328125 0.05390625
4 0.60390625 0.60546875 0.01796875 0.071875
4 0.84921875 0.46796875 0.01171875 0.0484375
4 0.890625 0.54453125 0.01015625 0.05390625
5 0.88125 0.54921875 0.009375 0.05546875
5 0.83828125 0.459375 0.01015625 0.04375
5 0.90078125 0.6375 0.0140625 0.06875
5 0.6578125 0.4046875 0.00859375 0.034375
5 0.58984375 0.47265625 0.0125 0.04765625
5 0.5296875 0.5578125 0.02109375 0.05234375
5 0.55546875 0.5890625 0.0140625 0.06015625
5 0.4875 0.5546875 0.015625 0.05078125
4 0.44453125 0.54609375 0.01328125 0.05625
4 0.4953125 0.57578125 0.015625 0.05390625
4 0.4125 0.42578125 0.009375 0.040625
5 0.32421875 0.48984375 0.0140625 0.04609375
5 0.1796875 0.66171875 0.01875 0.07421875
4 0.19375 0.546875 0.0140625 0.05859375
4 0.26796875 0.49453125 0.01171875 0.05234375
4 0.296875 0.459375 0.01015625 0.0453125