4 0.2640625 0.45625 0.01328125 0.0484375
4 0.27890625 0.4171875 0.01171875 0.03359375
4 0.26484375 0.6578125 0.01484375 0.06328125
4 0.3515625 0.49765625 0.0140625 0.04609375
4 0.34140625 0.346875 0.01015625 0.0359375
4 0.40546875 0.3953125 0.00859375 0.0359375
4 0.41796875 0.5734375 0.01796875 0.05703125
4 0.49453125 0.59296875 0.0171875 0.053125
5 0.34765625 0.5703125 0.01171875 0.05703125
5 0.28203125 0.440625 0.01328125 0.04140625
5 0.403125 0.3578125 0.0078125 0.034375
5 0.51328125 0.29296875 0.00703125 0.028125
5 0.4828125 0.528125 0.01328125 0.05234375
5 0.43359375 0.54140625 0.01328125 0.05
3 0.39375 0.559375 0.0140625 0.05
3 0.3515625 0.28828125 0.009375 0.03046875
5 0.2796875 0.79921875 0.021875 0.065625
5 0.56640625 0.45390625 0.01171875 0.04609375
5 0.70390625 0.3390625 0.009375 0.034375
5 0.8375 0.52265625 0.01328125 0.05234375
0 0.81015625 0.5359375 0.00625 0.0140625
4 0.6078125 0.403125 0.009375 0.0359375
4 0.5734375 0.46328125 0.009375 0.04609375
2 0.909375 0.40546875 0.0125 0.04765625
2 0.0046875 0.4421875 0.009375 0.053125