0 0.27109375 0.6921875 0.0078125 0.01484375
5 0.24921875 0.6765625 0.03671875 0.09140625
5 0.16484375 0.45859375 0.0171875 0.06484375
5 0.24453125 0.353125 0.01796875 0.06328125
5 0.42421875 0.37734375 0.01484375 0.05
5 0.4875 0.29375 0.00859375 0.03671875
5 0.63046875 0.4359375 0.01640625 0.059375
5 0.4875 0.51796875 0.015625 0.0703125
5 0.42109375 0.45078125 0.01875 0.05546875
5 0.66796875 0.61875 0.03046875 0.06875
5 0.69609375 0.403125 0.0109375 0.05859375
4 0.7421875 0.43359375 0.01484375 0.06328125
4 0.48515625 0.6140625 0.0296875 0.08046875
4 0.22265625 0.4921875 0.0140625 0.06875
4 0.43046875 0.50078125 0.0125 0.059375
4 0.5 0.44375 0.01875 0.04609375
4 0.54765625 0.425 0.015625 0.05390625
4 0.4953125 0.34921875 0.009375 0.04765625
4 0.6171875 0.34140625 0.0125 0.04765625
4 0.7078125 0.39453125 0.01640625 0.05703125
4 0.684375 0.5953125 0.01796875 0.06640625
3 0.5078125 0.36953125 0.01015625 0.04375
3 0.934375 0.65703125 0.02890625 0.09140625
2 0.9609375 0.34375 0.01171875 0.053125