3 0.87578125 0.8125 0.0359375 0.1171875
4 0.8390625 0.58359375 0.0125 0.06328125
4 0.66328125 0.59375 0.0203125 0.0578125
4 0.67109375 0.45 0.00703125 0.03984375
5 0.73359375 0.45625 0.009375 0.04140625
5 0.675 0.58828125 0.01171875 0.0609375
5 0.81953125 0.625 0.01015625 0.06171875
5 0.86484375 0.56875 0.0125 0.0609375
5 0.49375 0.46484375 0.009375 0.04375
5 0.47578125 0.675 0.01875 0.0765625
5 0.38046875 0.62109375 0.0125 0.059375
5 0.4109375 0.44296875 0.00859375 0.040625
4 0.43671875 0.421875 0.00703125 0.03359375
4 0.38046875 0.453125 0.01328125 0.04609375
4 0.3 0.6015625 0.01484375 0.059375
4 0.440625 0.6515625 0.01484375 0.059375
4 0.2703125 0.51953125 0.0109375 0.04765625
4 0.21875 0.6625 0.01484375 0.06484375
4 0.209375 0.56875 0.01484375 0.0515625
5 0.14921875 0.63515625 0.0171875 0.0625
5 0.2328125 0.67265625 0.01484375 0.06640625
0 0.23125 0.640625 0.0046875 0.0109375
3 0.44453125 0.5171875 0.01015625 0.05234375
2 0.2484375 0.43203125 0.01328125 0.04375