5 0.79296875 0.559375 0.0171875 0.06171875
0 0.765625 0.5765625 0.00625 0.01328125
4 0.72265625 0.4953125 0.0171875 0.05625
4 0.59453125 0.38203125 0.01015625 0.0453125
4 0.43125 0.59921875 0.0125 0.05625
4 0.459375 0.4359375 0.01171875 0.059375
4 0.4640625 0.328125 0.01015625 0.04296875
4 0.28984375 0.62890625 0.021875 0.059375
4 0.20390625 0.46953125 0.0140625 0.05625
4 0.23984375 0.40234375 0.01640625 0.0453125
4 0.26953125 0.3546875 0.01640625 0.0390625
4 0.334375 0.2640625 0.01015625 0.0328125
5 0.2984375 0.36875 0.01328125 0.04453125
5 0.35078125 0.37734375 0.01640625 0.0359375
5 0.4734375 0.46171875 0.01015625 0.04609375
5 0.46640625 0.21953125 0.01015625 0.03359375
5 0.55546875 0.3328125 0.0125 0.0421875
5 0.590625 0.421875 0.01015625 0.0453125
5 0.521875 0.8140625 0.01796875 0.078125
3 0.44296875 0.44140625 0.0125 0.053125
5 0.75234375 0.37578125 0.01484375 0.04765625
5 0.684375 0.2828125 0.00859375 0.04140625
3 0.31640625 0.21640625 0.00859375 0.028125