5 0.16171875 0.58359375 0.01484375 0.06640625
5 0.14765625 0.4875 0.01015625 0.05703125
5 0.18125 0.4359375 0.00859375 0.05
5 0.29765625 0.3828125 0.00625 0.034375
5 0.3796875 0.42890625 0.009375 0.04140625
5 0.33984375 0.48046875 0.0125 0.05234375
5 0.4265625 0.58046875 0.01875 0.06328125
4 0.12890625 0.4921875 0.0125 0.053125
4 0.29296875 0.390625 0.01015625 0.040625
4 0.38828125 0.6328125 0.01953125 0.06875
4 0.35 0.509375 0.0171875 0.0546875
4 0.4765625 0.5109375 0.01328125 0.05859375
4 0.54453125 0.44609375 0.01015625 0.05
4 0.4765625 0.35078125 0.01015625 0.03359375
4 0.6265625 0.3921875 0.01015625 0.04140625
4 0.71328125 0.43359375 0.00859375 0.04609375
5 0.590625 0.48359375 0.0140625 0.05234375
5 0.48984375 0.42734375 0.0125 0.04609375
5 0.525 0.409375 0.009375 0.04375
3 0.3765625 0.44453125 0.0125 0.0421875
3 0.16171875 0.3484375 0.00625 0.03046875
3 0.990625 0.59609375 0.01796875 0.0703125
4 0.85625 0.53046875 0.01328125 0.05546875
0 0.8375 0.4546875 0.0046875 0.00859375
2 0.8546875 0.44296875 0.0125 0.05234375