3 0.25234375 0.346875 0.021875 0.103125
5 0.0171875 0.49765625 0.0296875 0.128125
5 0.17421875 0.40546875 0.02421875 0.1015625
5 0.434375 0.59296875 0.02421875 0.12578125
5 0.32265625 0.2 0.01640625 0.06875
4 0.2703125 0.39765625 0.01953125 0.096875
4 0.5421875 0.53671875 0.025 0.11640625
4 0.559375 0.41171875 0.01875 0.1109375
4 0.6125 0.4765625 0.02890625 0.1046875
4 0.59140625 0.359375 0.02421875 0.07578125
4 0.609375 0.4375 0.0171875 0.06796875
4 0.5953125 0.43125 0.025 0.08359375
4 0.68359375 0.39375 0.02421875 0.10234375
4 0.7078125 0.41015625 0.0234375 0.10703125
4 0.74140625 0.48359375 0.03984375 0.096875
5 0.7078125 0.4265625 0.028125 0.10625
5 0.58984375 0.47109375 0.0296875 0.0984375
5 0.62578125 0.4640625 0.0203125 0.10703125
5 0.578125 0.41484375 0.025 0.1078125
5 0.5546875 0.36484375 0.0234375 0.09296875
5 0.7875 0.484375 0.02578125 0.1015625
2 0.78359375 0.40390625 0.02109375 0.0890625
0 0.50078125 0.1484375 0.009375 0.02109375