4 0.87734375 0.49921875 0.015625 0.06015625
4 0.8265625 0.3546875 0.01171875 0.05
4 0.7796875 0.38984375 0.0140625 0.05234375
4 0.66328125 0.44765625 0.01484375 0.05703125
4 0.628125 0.396875 0.0125 0.05078125
4 0.6 0.3203125 0.0125 0.03671875
5 0.75234375 0.39609375 0.0109375 0.059375
5 0.68828125 0.3484375 0.01875 0.04375
5 0.62734375 0.42421875 0.01171875 0.05
5 0.55859375 0.5 0.02421875 0.06015625
5 0.55546875 0.37265625 0.0140625 0.04609375
3 0.915625 0.95078125 0.02734375 0.0984375
3 0.52890625 0.446875 0.01328125 0.0578125
3 0.42421875 0.30234375 0.009375 0.03359375
4 0.4359375 0.59921875 0.0171875 0.065625
4 0.47265625 0.44609375 0.01484375 0.05234375
4 0.4359375 0.4015625 0.0171875 0.04140625
4 0.38671875 0.36015625 0.0140625 0.0453125
5 0.41171875 0.34296875 0.01015625 0.03828125
5 0.34375 0.3765625 0.01640625 0.04765625
5 0.2921875 0.42265625 0.0125 0.06015625
5 0.2859375 0.503125 0.02109375 0.06484375
5 0.46796875 0.41953125 0.0171875 0.04765625
0 0.4765625 0.4625 0.0046875 0.009375