5 0.25234375 0.44375 0.01875 0.065625
5 0.43125 0.384375 0.0109375 0.059375
5 0.49921875 0.4609375 0.01328125 0.06328125
5 0.56171875 0.40390625 0.0125 0.0609375
5 0.5734375 0.39921875 0.01171875 0.05859375
5 0.58125 0.3984375 0.01171875 0.05859375
5 0.5015625 0.23046875 0.0140625 0.03515625
5 0.44296875 0.23515625 0.00859375 0.040625
3 0.43046875 0.3328125 0.009375 0.053125
4 0.49140625 0.26171875 0.01015625 0.04296875
4 0.5375 0.40625 0.0140625 0.05703125
4 0.578125 0.403125 0.0140625 0.059375
4 0.58828125 0.39765625 0.0109375 0.06015625
4 0.6125 0.39453125 0.01484375 0.05703125
4 0.684375 0.34140625 0.01875 0.04921875
4 0.7109375 0.346875 0.0109375 0.05078125
4 0.715625 0.3640625 0.01171875 0.059375
4 0.728125 0.3828125 0.0109375 0.0546875
2 0.76484375 0.3625 0.01015625 0.05625
5 0.71328125 0.34921875 0.01015625 0.0515625
5 0.721875 0.35625 0.01171875 0.05546875
4 0.725 0.35859375 0.00859375 0.03359375