3 0.05 0.27109375 0.0109375 0.03828125
5 0.0875 0.41875 0.01328125 0.05546875
5 0.18046875 0.6328125 0.0140625 0.07421875
4 0.121875 0.60234375 0.0203125 0.07265625
4 0.10234375 0.4921875 0.0171875 0.0640625
4 0.1140625 0.44921875 0.0171875 0.06171875
4 0.26328125 0.47734375 0.0125 0.06015625
4 0.3890625 0.71875 0.015625 0.0734375
4 0.5078125 0.51953125 0.0140625 0.0640625
4 0.45 0.34921875 0.015625 0.0484375
5 0.39453125 0.4984375 0.01640625 0.06015625
5 0.621875 0.5875 0.0171875 0.06328125
5 0.44609375 0.3859375 0.01328125 0.04921875
4 0.62109375 0.4375 0.01640625 0.05546875
5 0.67578125 0.41171875 0.0140625 0.05625
5 0.71328125 0.365625 0.0125 0.04921875
5 0.79375 0.4265625 0.0140625 0.05234375
5 0.74921875 0.4984375 0.0140625 0.06015625
5 0.81953125 0.43671875 0.0140625 0.05546875
3 0.58125 0.3984375 0.0125 0.053125
4 0.7453125 0.38203125 0.01328125 0.0515625
4 0.82421875 0.4484375 0.0140625 0.053125
0 0.8296875 0.35703125 0.0046875 0.01015625
2 0.8546875 0.32265625 0.0875 0.09453125
0 0.93125 0.84140625 0.00859375 0.0125