5 0.81953125 0.42421875 0.01484375 0.0578125
5 0.7328125 0.303125 0.00859375 0.0453125
5 0.6765625 0.265625 0.0078125 0.04453125
5 0.571875 0.303125 0.01875 0.04453125
5 0.5828125 0.2328125 0.01328125 0.03671875
5 0.53046875 0.26328125 0.0078125 0.04296875
5 0.45859375 0.353125 0.0171875 0.0453125
5 0.4859375 0.24609375 0.0125 0.03515625
5 0.434375 0.278125 0.01484375 0.0390625
5 0.32421875 0.33671875 0.0171875 0.04609375
4 0.3046875 0.28203125 0.01640625 0.0453125
4 0.4 0.3171875 0.015625 0.04453125
4 0.41875 0.22890625 0.0125 0.03828125
4 0.53828125 0.265625 0.01796875 0.02578125
4 0.5890625 0.1953125 0.009375 0.0328125
4 0.60546875 0.2453125 0.0125 0.03828125
3 0.615625 0.29453125 0.01640625 0.04140625
4 0.6984375 0.28515625 0.01171875 0.04765625
4 0.7328125 0.37421875 0.01484375 0.04921875
4 0.728125 0.70078125 0.02890625 0.0625
4 0.17890625 0.40625 0.01796875 0.0578125
3 0.23828125 0.20859375 0.0125 0.03671875
0 0.53125 0.28203125 0.0046875 0.00703125