3 0.23515625 0.284375 0.0109375 0.0296875
3 0.4765625 0.40546875 0.01640625 0.0453125
5 0.253125 0.421875 0.0125 0.04765625
5 0.16953125 0.49609375 0.0203125 0.06796875
5 0.2859375 0.54609375 0.02578125 0.0578125
5 0.4359375 0.5453125 0.02109375 0.059375
5 0.46171875 0.4890625 0.0109375 0.0390625
5 0.43203125 0.4375 0.02109375 0.0640625
5 0.303125 0.346875 0.01484375 0.04609375
4 0.2984375 0.51953125 0.015625 0.0578125
4 0.34921875 0.5921875 0.01953125 0.06875
0 0.42890625 0.5140625 0.0078125 0.01640625
4 0.3234375 0.43359375 0.015625 0.0546875
4 0.46796875 0.528125 0.0140625 0.05546875
4 0.5609375 0.4484375 0.0125 0.05546875
4 0.67421875 0.60234375 0.01328125 0.0671875
4 0.6671875 0.38046875 0.01171875 0.0453125
4 0.4890625 0.31640625 0.0125 0.03984375
4 0.75 0.41875 0.01171875 0.04921875
4 0.82890625 0.48671875 0.0140625 0.06171875
5 0.79140625 0.49140625 0.0125 0.05546875
5 0.709375 0.46328125 0.01328125 0.05625
2 0.875 0.3765625 0.0125 0.04765625
5 0.4734375 0.521875 0.015625 0.04921875