5 0.20859375 0.34765625 0.0125 0.0625
5 0.15625 0.409375 0.015625 0.0625
5 0.38125 0.4546875 0.0140625 0.06484375
5 0.62265625 0.41796875 0.01640625 0.05625
5 0.73984375 0.3625 0.01328125 0.05703125
4 0.55546875 0.29921875 0.01015625 0.0453125
5 0.41640625 0.3203125 0.01171875 0.05
5 0.56328125 0.19375 0.01015625 0.04140625
3 0.646875 0.24140625 0.01015625 0.04765625
4 0.19765625 0.365625 0.0125 0.05859375
4 0.81171875 0.371875 0.01328125 0.05625
4 0.67421875 0.2984375 0.01015625 0.05390625
4 0.28359375 0.40703125 0.01328125 0.05703125
4 0.59765625 0.55 0.01328125 0.06796875
4 0.5453125 0.41484375 0.01015625 0.06015625
4 0.77734375 0.32265625 0.0109375 0.05625
4 0.609375 0.309375 0.01171875 0.05
2 0.853125 0.3046875 0.01640625 0.05078125
5 0.76796875 0.19921875 0.0125 0.0390625
5 0.5421875 0.26640625 0.009375 0.046875
3 0.0828125 0.18515625 0.01015625 0.03828125
5 0.271875 0.58984375 0.0171875 0.0796875
4 0.8484375 0.24140625 0.009375 0.0359375