5 0.13671875 0.34296875 0.01015625 0.0578125
5 0.1171875 0.40703125 0.01171875 0.05703125
5 0.296875 0.4484375 0.01171875 0.06484375
5 0.4578125 0.44765625 0.01640625 0.05625
5 0.6140625 0.2890625 0.01015625 0.0421875
5 0.76953125 0.4515625 0.01328125 0.05703125
4 0.59609375 0.3078125 0.01328125 0.0484375
5 0.71015625 0.41640625 0.0171875 0.05
5 0.58046875 0.37421875 0.01484375 0.0453125
3 0.4765625 0.3390625 0.0171875 0.04453125
4 0.1484375 0.346875 0.01484375 0.0546875
4 0.48359375 0.31796875 0.0140625 0.05234375
4 0.65078125 0.375 0.01953125 0.05078125
4 0.6609375 0.325 0.01171875 0.05078125
4 0.3390625 0.4328125 0.01484375 0.05703125
4 0.78125 0.43671875 0.01328125 0.05390625
4 0.584375 0.4375 0.02265625 0.06015625
4 0.78828125 0.453125 0.01328125 0.05625
4 0.38984375 0.26484375 0.0140625 0.03203125
2 0.9140625 0.4046875 0.01953125 0.05703125
5 0.615625 0.3046875 0.0171875 0.04296875
5 0.4890625 0.28828125 0.0140625 0.0375
3 0.0046875 0.2671875 0.009375 0.040625
0 0.6359375 0.303125 0.00546875 0.01015625