5 0.09453125 0.6375 0.01796875 0.059375
5 0.09375 0.49375 0.0125 0.04453125
5 0.14765625 0.53671875 0.01328125 0.0515625
5 0.26328125 0.46171875 0.0078125 0.040625
5 0.2921875 0.72109375 0.0171875 0.06796875
5 0.40859375 0.33515625 0.00625 0.0328125
5 0.52734375 0.4609375 0.00859375 0.0421875
5 0.5984375 0.38671875 0.00703125 0.0359375
4 0.1515625 0.42734375 0.0078125 0.03984375
4 0.10390625 0.4671875 0.0125 0.046875
4 0.18828125 0.5015625 0.0109375 0.0484375
4 0.16640625 0.63125 0.01484375 0.053125
4 0.28671875 0.49765625 0.01015625 0.05234375
4 0.378125 0.41015625 0.0078125 0.04140625
4 0.40546875 0.51875 0.0109375 0.05
4 0.57734375 0.58671875 0.01171875 0.053125
4 0.4484375 0.36015625 0.0078125 0.0296875
3 0.47890625 0.4640625 0.009375 0.0453125
3 0.21328125 0.30234375 0.00703125 0.0265625
3 0.91953125 0.703125 0.015625 0.0625
5 0.71484375 0.65234375 0.01484375 0.05703125
5 0.70703125 0.48359375 0.01015625 0.04296875
4 0.70546875 0.496875 0.00859375 0.03984375
0 0.9234375 0.53359375 0.00390625 0.01015625
2 0.934375 0.5125 0.0109375 0.0484375