5 0.79921875 0.6375 0.021875 0.05390625
4 0.86484375 0.5265625 0.01875 0.046875
4 0.4125 0.51796875 0.01328125 0.04921875
5 0.3984375 0.35390625 0.01171875 0.03203125
4 0.271875 0.3765625 0.015625 0.040625
5 0.36015625 0.44765625 0.01484375 0.04375
5 0.72890625 0.559375 0.021875 0.0515625
4 0.6953125 0.40390625 0.01171875 0.03828125
4 0.13046875 0.4859375 0.0125 0.0421875
4 0.74375 0.45390625 0.01640625 0.04375
5 0.2171875 0.5171875 0.01484375 0.046875
4 0.471875 0.315625 0.009375 0.03046875
5 0.721875 0.4546875 0.01953125 0.0453125
4 0.52265625 0.38671875 0.01328125 0.03515625
5 0.8296875 0.428125 0.0171875 0.0359375
5 0.53984375 0.40234375 0.0109375 0.03359375
4 0.44453125 0.71328125 0.015625 0.065625
5 0.76171875 0.37421875 0.0109375 0.03359375
4 0.803125 0.59765625 0.02109375 0.05
3 0.52734375 0.41953125 0.0140625 0.04140625
3 0.35546875 0.2859375 0.0109375 0.02265625
5 0.8546875 0.5171875 0.01328125 0.04296875
0 0.70390625 0.33046875 0.0046875 0.00859375
2 0.1015625 0.40625 0.01171875 0.04140625