5 0.2203125 0.57265625 0.02421875 0.0859375
5 0.31640625 0.43984375 0.0171875 0.05703125
5 0.1796875 0.38828125 0.01953125 0.05078125
4 0.36015625 0.49140625 0.02265625 0.05859375
4 0.5515625 0.42265625 0.01796875 0.05859375
5 0.8375 0.4609375 0.02109375 0.059375
4 0.72734375 0.6203125 0.01796875 0.0796875
4 0.63359375 0.32734375 0.01328125 0.034375
3 0.4640625 0.39140625 0.02109375 0.0546875
4 0.10546875 0.64140625 0.02265625 0.08671875
4 0.72734375 0.36640625 0.02109375 0.046875
5 0.75703125 0.39453125 0.01484375 0.04921875
4 0.50546875 0.3765625 0.0140625 0.0453125
4 0.49453125 0.34453125 0.0125 0.0421875
5 0.4171875 0.37109375 0.015625 0.05078125
5 0.5921875 0.29765625 0.01328125 0.0359375
4 0.78515625 0.39453125 0.0171875 0.05
5 0.42578125 0.3265625 0.0125 0.04296875
5 0.64921875 0.61015625 0.02578125 0.07734375
5 0.76875 0.42734375 0.02109375 0.053125
3 0.1796875 0.303125 0.0140625 0.0375
4 0.83359375 0.428125 0.0234375 0.05546875
0 0.55625 0.32890625 0.00546875 0.00546875