5 0.9328125 0.3828125 0.01796875 0.0546875
3 0.5734375 0.37578125 0.0171875 0.06015625
4 0.278125 0.44140625 0.01875 0.06875
4 0.35 0.36953125 0.0140625 0.05859375
4 0.66484375 0.33046875 0.01640625 0.0484375
4 0.50546875 0.38203125 0.02109375 0.05546875
5 0.77890625 0.365625 0.01640625 0.053125
5 0.61640625 0.3 0.01171875 0.0421875
4 0.7625 0.36875 0.01328125 0.04921875
5 0.6046875 0.35 0.01484375 0.053125
5 0.6375 0.32578125 0.01328125 0.0421875
4 0.47421875 0.3203125 0.0125 0.0578125
5 0.41328125 0.46171875 0.01796875 0.075
5 0.4125 0.38359375 0.01484375 0.05703125
5 0.5109375 0.328125 0.01484375 0.04609375
5 0.5453125 0.3296875 0.01328125 0.05
2 0.121875 0.38828125 0.02265625 0.07421875
2 0.04765625 0.37265625 0.09453125 0.1296875
4 0.4875 0.334375 0.0109375 0.0671875
0 0.525 0.3546875 0.00546875 0.01015625
4 0.5140625 0.28984375 0.0078125 0.04453125
3 0.5421875 0.28203125 0.0109375 0.0453125
4 0.5328125 0.32578125 0.01015625 0.04296875
4 0.51875 0.31640625 0.0140625 0.053125
5 0.5328125 0.296875 0.009375 0.0421875