4 0.3796875 0.29296875 0.01640625 0.05390625
5 0.20390625 0.4453125 0.01796875 0.06875
5 0.7875 0.44921875 0.01875 0.0734375
4 0.19375 0.3171875 0.01484375 0.05546875
5 0.484375 0.3625 0.0171875 0.06015625
4 0.1578125 0.4265625 0.021875 0.071875
5 0.803125 0.309375 0.01484375 0.05390625
4 0.66328125 0.2671875 0.0140625 0.05546875
5 0.59609375 0.26171875 0.0125 0.04921875
5 0.76328125 0.23359375 0.0140625 0.0515625
5 0.21171875 0.303125 0.01875 0.05703125
4 0.47265625 0.234375 0.0109375 0.04765625
4 0.559375 0.26484375 0.015625 0.0484375
3 0.23203125 0.21015625 0.01171875 0.046875
4 0.44296875 0.3765625 0.015625 0.06484375
4 0.228125 0.2734375 0.0140625 0.05234375
5 0.35703125 0.25390625 0.0125 0.04140625
4 0.56484375 0.325 0.01328125 0.053125
5 0.41171875 0.69375 0.0234375 0.08828125
4 0.20703125 0.57265625 0.0171875 0.08515625
3 0.45546875 0.37890625 0.01171875 0.0703125
5 0.46953125 0.2296875 0.00859375 0.0515625
0 0.6609375 0.30078125 0.0078125 0.0109375