5 0.10390625 0.4921875 0.01171875 0.05234375
4 0.5921875 0.4109375 0.00859375 0.04453125
4 0.7578125 0.52578125 0.02265625 0.06171875
4 0.3140625 0.45703125 0.0203125 0.040625
5 0.39765625 0.45390625 0.01171875 0.0515625
5 0.396875 0.54921875 0.01640625 0.0578125
5 0.1875 0.6265625 0.0125 0.0625
4 0.4984375 0.6578125 0.021875 0.0625
3 0.484375 0.47578125 0.009375 0.04921875
4 0.57890625 0.5328125 0.01328125 0.04921875
4 0.8078125 0.45625 0.01328125 0.04921875
5 0.71796875 0.50078125 0.01640625 0.046875
4 0.42734375 0.48984375 0.0109375 0.05234375
5 0.50703125 0.41640625 0.0109375 0.04296875
4 0.69609375 0.40859375 0.015625 0.04453125
5 0.79453125 0.39296875 0.00859375 0.0390625
2 0.1875 0.42109375 0.0125 0.04375
0 0.16171875 0.48984375 0.00546875 0.0078125
4 0.703125 0.47421875 0.0109375 0.0453125
4 0.4546875 0.4328125 0.00859375 0.04296875
5 0.49609375 0.3640625 0.009375 0.0390625
5 0.3421875 0.37734375 0.01015625 0.040625
5 0.49609375 0.6203125 0.01484375 0.059375
3 0.4015625 0.328125 0.00859375 0.03125