3 0.903125 0.6546875 0.01953125 0.0671875
5 0.47421875 0.60546875 0.02890625 0.05859375
4 0.73671875 0.56640625 0.02109375 0.05859375
5 0.60703125 0.434375 0.01328125 0.04453125
5 0.721875 0.4828125 0.0234375 0.04296875
4 0.43828125 0.371875 0.0125 0.03984375
5 0.55234375 0.43125 0.015625 0.0453125
4 0.34609375 0.375 0.0125 0.0375
2 0.83125 0.38203125 0.0171875 0.04296875
4 0.14296875 0.66484375 0.01953125 0.071875
4 0.41953125 0.56640625 0.015625 0.05703125
5 0.15625 0.49921875 0.0140625 0.0546875
5 0.2296875 0.66796875 0.0203125 0.06875
3 0.403125 0.40546875 0.01171875 0.04140625
4 0.13671875 0.4625 0.01484375 0.0484375
4 0.12109375 0.52734375 0.01953125 0.059375
5 0.546875 0.36953125 0.01171875 0.0375
5 0.2703125 0.3265625 0.0140625 0.03515625
5 0.18359375 0.63984375 0.015625 0.06484375
4 0.52265625 0.40859375 0.01484375 0.03984375
5 0.6875 0.4171875 0.01484375 0.03984375
4 0.67734375 0.44453125 0.01328125 0.04765625
0 0.63203125 0.43828125 0.0046875 0.0125
4 0.5375 0.43046875 0.015625 0.04453125
3 0.15234375 0.2953125 0.0078125 0.03515625