5 0.6921875 0.47109375 0.009375 0.03828125
5 0.60078125 0.54375 0.01484375 0.046875
4 0.49765625 0.63125 0.01640625 0.0578125
5 0.6265625 0.559375 0.0125 0.04921875
5 0.41015625 0.5390625 0.015625 0.0515625
2 0.1890625 0.48984375 0.0125 0.03984375
4 0.34609375 0.53984375 0.0140625 0.0515625
5 0.346875 0.440625 0.01328125 0.0375
5 0.78125 0.5421875 0.01484375 0.05
4 0.56484375 0.5140625 0.0109375 0.04453125
4 0.73203125 0.47109375 0.0109375 0.04140625
4 0.771875 0.51875 0.01328125 0.046875
4 0.73046875 0.55703125 0.009375 0.05703125
0 0.20859375 0.50234375 0.00390625 0.0109375
4 0.71171875 0.63125 0.015625 0.0625
5 0.5671875 0.46484375 0.00859375 0.034375
4 0.67109375 0.4265625 0.0109375 0.0328125
3 0.40859375 0.3671875 0.00625 0.02578125
3 0.5421875 0.45390625 0.009375 0.0390625
5 0.5296875 0.39296875 0.00625 0.03046875
4 0.53828125 0.428125 0.0078125 0.03125
4 0.6171875 0.4734375 0.01328125 0.04296875
5 0.91171875 0.71875 0.01484375 0.0703125
3 0.94140625 0.76875 0.01640625 0.0734375
2 0.98203125 0.4671875 0.01015625 0.04296875
5 0.5375 0.7203125 0.01328125 0.07109375