4 0.2359375 0.478125 0.0140625 0.0484375
3 0.98359375 0.86171875 0.02265625 0.0765625
4 0.2328125 0.56796875 0.02421875 0.04609375
4 0.35234375 0.6234375 0.0171875 0.0640625
5 0.703125 0.32890625 0.009375 0.0328125
5 0.3625 0.859375 0.02421875 0.08046875
5 0.27109375 0.5328125 0.01875 0.04609375
4 0.2484375 0.4109375 0.01640625 0.04609375
5 0.346875 0.403125 0.0140625 0.0359375
5 0.6765625 0.55546875 0.02421875 0.05703125
4 0.5171875 0.36640625 0.01015625 0.0390625
5 0.48203125 0.40546875 0.0109375 0.040625
4 0.31015625 0.29296875 0.0140625 0.0328125
2 0.91640625 0.34140625 0.0109375 0.0375
4 0.53203125 0.453125 0.0125 0.0421875
4 0.44296875 0.3203125 0.009375 0.03359375
4 0.27578125 0.35703125 0.0109375 0.0390625
5 0.61015625 0.25390625 0.00859375 0.02890625
4 0.4265625 0.42734375 0.0125 0.04609375
5 0.29375 0.36484375 0.0140625 0.0359375
2 0.0046875 0.43046875 0.009375 0.040625
5 0.36171875 0.26484375 0.0078125 0.025
3 0.33125 0.24609375 0.009375 0.02890625
3 0.41953125 0.3953125 0.0125 0.04140625
5 0.440625 0.30390625 0.00625 0.025
0 0.66875 0.57890625 0.00703125 0.0140625