5 0.8046875 0.49765625 0.009375 0.04921875
3 0.41796875 0.40546875 0.01015625 0.0375
3 0.9515625 0.53984375 0.0125 0.05078125
4 0.64140625 0.3953125 0.009375 0.0375
5 0.44765625 0.4578125 0.0109375 0.0390625
4 0.4828125 0.36796875 0.00703125 0.03359375
5 0.3609375 0.36875 0.0078125 0.0296875
4 0.521875 0.49296875 0.01015625 0.03984375
5 0.5625 0.30546875 0.00703125 0.028125
5 0.73359375 0.3890625 0.009375 0.03125
4 0.3171875 0.37578125 0.00859375 0.03125
4 0.43671875 0.375 0.009375 0.03515625
4 0.203125 0.38359375 0.00859375 0.03359375
5 0.5578125 0.371875 0.0078125 0.03359375
5 0.428125 0.31875 0.0078125 0.02734375
4 0.49140625 0.31328125 0.00625 0.03046875
4 0.44140625 0.334375 0.0078125 0.02890625
5 0.26484375 0.34453125 0.00859375 0.03203125
3 0.1953125 0.3109375 0.0078125 0.02734375
4 0.28125 0.3328125 0.0078125 0.03046875
4 0.23125 0.48125 0.01015625 0.046875
5 0.38203125 0.29453125 0.00859375 0.02890625
2 0.75546875 0.3609375 0.0109375 0.03359375
0 0.7625 0.44765625 0.003125 0.0078125
5 0.2703125 0.47734375 0.01171875 0.04609375