4 0.83046875 0.425 0.0203125 0.05859375
4 0.5140625 0.3640625 0.01015625 0.0515625
5 0.3265625 0.55234375 0.01953125 0.0796875
4 0.25390625 0.35703125 0.01015625 0.0484375
4 0.8609375 0.5453125 0.01796875 0.0765625
5 0.7078125 0.36875 0.0171875 0.0484375
5 0.671875 0.47578125 0.015625 0.0671875
4 0.45390625 0.49609375 0.0140625 0.06796875
5 0.55390625 0.321875 0.0125 0.0390625
4 0.6484375 0.43671875 0.0125 0.05390625
5 0.37890625 0.36640625 0.01015625 0.04609375
4 0.471875 0.27109375 0.01015625 0.034375
5 0.12421875 0.45390625 0.0125 0.06328125
5 0.61953125 0.41640625 0.0109375 0.05546875
2 0.87109375 0.33671875 0.01171875 0.046875
5 0.13203125 0.3953125 0.0109375 0.059375
4 0.62421875 0.32109375 0.01171875 0.04296875
5 0.190625 0.321875 0.0109375 0.0421875
5 0.41015625 0.47578125 0.01484375 0.06953125
3 0.41484375 0.41953125 0.01171875 0.05625
4 0.2765625 0.271875 0.00859375 0.034375
0 0.82421875 0.384375 0.00390625 0.0078125
4 0.1234375 0.41328125 0.0109375 0.05234375
3 0.13671875 0.2640625 0.01015625 0.03515625