4 0.6015625 0.5953125 0.0125 0.0515625
5 0.7703125 0.671875 0.015625 0.06015625
4 0.5890625 0.52109375 0.0125 0.0515625
4 0.6015625 0.4046875 0.00703125 0.0375
5 0.70546875 0.5796875 0.01328125 0.05390625
5 0.5234375 0.5828125 0.0125 0.05625
4 0.67890625 0.48671875 0.01171875 0.04375
4 0.478125 0.4375 0.01015625 0.040625
3 0.53671875 0.46953125 0.01015625 0.04296875
5 0.5671875 0.57734375 0.01171875 0.0515625
4 0.7265625 0.59140625 0.01015625 0.05390625
4 0.5078125 0.60390625 0.0125 0.05
5 0.64140625 0.4765625 0.0125 0.04609375
4 0.584375 0.7609375 0.0140625 0.0625
5 0.46015625 0.44453125 0.009375 0.04140625
4 0.77421875 0.6484375 0.009375 0.02734375
3 0.86015625 0.75390625 0.01953125 0.07265625
5 0.48125 0.82265625 0.02109375 0.07734375
0 0.475 0.78046875 0.00546875 0.0125
5 0.2234375 0.6703125 0.01796875 0.065625
5 0.19609375 0.51640625 0.01171875 0.053125
4 0.24453125 0.6328125 0.0171875 0.06171875
3 0.2453125 0.29765625 0.00703125 0.0265625
2 0.8390625 0.4171875 0.01328125 0.034375
5 0.4109375 0.36796875 0.0078125 0.034375