2 0.046875 0.3703125 0.01484375 0.04375
5 0.3609375 0.3875 0.0171875 0.04765625
5 0.59453125 0.46953125 0.01796875 0.05390625
5 0.7390625 0.35859375 0.0125 0.04296875
5 0.21953125 0.4515625 0.0140625 0.05078125
4 0.6859375 0.35625 0.0203125 0.04140625
4 0.246875 0.41328125 0.01484375 0.0546875
4 0.284375 0.3515625 0.0140625 0.04375
4 0.43984375 0.39453125 0.01171875 0.0453125
4 0.5375 0.32578125 0.0125 0.03359375
5 0.30078125 0.3125 0.009375 0.0359375
5 0.46875 0.2875 0.0109375 0.034375
5 0.34296875 0.31953125 0.01171875 0.03984375
5 0.684375 0.28359375 0.0125 0.03515625
4 0.365625 0.32734375 0.0125 0.03515625
3 0.80078125 0.75546875 0.040625 0.0859375
0 0.87265625 0.3328125 0.0046875 0.00625
4 0.640625 0.2859375 0.01171875 0.03984375
3 0.40859375 0.34609375 0.0140625 0.03984375
3 0.37734375 0.265625 0.00703125 0.0265625
4 0.3546875 0.3140625 0.01171875 0.03828125
4 0.3734375 0.2875 0.00703125 0.025
4 0.4265625 0.28359375 0.01015625 0.03203125
5 0.3953125 0.26796875 0.00703125 0.03046875
5 0.41875 0.33515625 0.01171875 0.04453125