5 0.46875 0.45546875 0.02734375 0.04765625
5 0.7171875 0.5640625 0.01875 0.07109375
5 0.76171875 0.41875 0.015625 0.05625
5 0.52890625 0.4421875 0.01640625 0.05546875
4 0.25703125 0.334375 0.0109375 0.04453125
3 0.44375 0.3296875 0.00859375 0.04140625
5 0.68125 0.38359375 0.01171875 0.0484375
4 0.50859375 0.44453125 0.01484375 0.05546875
5 0.59453125 0.55234375 0.02421875 0.0640625
4 0.56640625 0.5796875 0.0234375 0.06796875
4 0.4640625 0.29375 0.009375 0.0375
4 0.296875 0.49140625 0.015625 0.065625
4 0.49296875 0.3953125 0.0171875 0.05
4 0.1453125 0.36875 0.01171875 0.05234375
5 0.63984375 0.31015625 0.01171875 0.040625
5 0.59140625 0.35859375 0.009375 0.05
5 0.64296875 0.40625 0.0140625 0.059375
5 0.5796875 0.31796875 0.00859375 0.0453125
4 0.50546875 0.315625 0.01640625 0.034375
3 0.99609375 0.7875 0.00625 0.10703125
4 0.4890625 0.36171875 0.009375 0.0484375
4 0.503125 0.30859375 0.01484375 0.03203125
3 0.2375 0.2703125 0.00625 0.034375
0 0.38828125 0.4046875 0.00703125 0.00703125