5 0.4921875 0.54921875 0.0203125 0.06015625
3 0.95234375 0.83046875 0.0421875 0.109375
4 0.17421875 0.4546875 0.015625 0.05390625
4 0.34765625 0.56953125 0.02265625 0.071875
5 0.48984375 0.44765625 0.01171875 0.04921875
4 0.68828125 0.4171875 0.009375 0.0484375
4 0.30546875 0.3640625 0.01171875 0.0375
4 0.32578125 0.48046875 0.01875 0.0546875
4 0.31015625 0.446875 0.01171875 0.05546875
4 0.465625 0.38125 0.0140625 0.0390625
3 0.415625 0.43125 0.0125 0.046875
5 0.22578125 0.384375 0.0140625 0.04375
4 0.3875 0.415625 0.0125 0.04765625
5 0.20234375 0.4375 0.0140625 0.053125
4 0.61796875 0.396875 0.0078125 0.04921875
5 0.65625 0.3609375 0.0109375 0.0421875
5 0.7359375 0.46875 0.01640625 0.06328125
5 0.73125 0.41484375 0.015625 0.0546875
3 0.30390625 0.31484375 0.00859375 0.034375
5 0.46171875 0.3640625 0.01015625 0.03046875
0 0.4546875 0.40078125 0.0046875 0.009375
4 0.20078125 0.4 0.00859375 0.046875
5 0.56015625 0.39921875 0.01015625 0.0515625
5 0.39765625 0.41953125 0.01015625 0.0484375