5 0.6734375 0.55625 0.01328125 0.06328125
5 0.17265625 0.48359375 0.01484375 0.0515625
4 0.0859375 0.49140625 0.02109375 0.0515625
4 0.41484375 0.653125 0.0203125 0.07265625
4 0.46015625 0.36015625 0.00859375 0.04296875
4 0.3953125 0.50859375 0.01640625 0.05703125
5 0.46328125 0.5125 0.0109375 0.05625
5 0.76484375 0.384375 0.0125 0.0421875
5 0.790625 0.58203125 0.0171875 0.0609375
5 0.5296875 0.36484375 0.01171875 0.03828125
5 0.8328125 0.515625 0.01484375 0.06171875
4 0.86640625 0.496875 0.01171875 0.05703125
3 0.67421875 0.4046875 0.01171875 0.0421875
5 0.74375 0.48203125 0.0171875 0.05390625
4 0.83203125 0.43828125 0.01328125 0.04375
5 0.60234375 0.421875 0.0109375 0.046875
4 0.63515625 0.3375 0.00859375 0.0296875
4 0.7203125 0.41328125 0.01171875 0.04140625
5 0.80703125 0.4453125 0.015625 0.04609375
3 0.921875 0.74921875 0.02890625 0.084375
2 0.1734375 0.37265625 0.01796875 0.03203125
4 0.4578125 0.4453125 0.01328125 0.04375
4 0.75625 0.54453125 0.01484375 0.06328125
0 0.1390625 0.4546875 0.00625 0.00859375