5 0.31484375 0.51953125 0.015625 0.0546875
5 0.71953125 0.57265625 0.0171875 0.06328125
5 0.83984375 0.4390625 0.015625 0.0484375
5 0.621875 0.46015625 0.01015625 0.04921875
4 0.64296875 0.53359375 0.0140625 0.05859375
4 0.35859375 0.34140625 0.00703125 0.03515625
4 0.1640625 0.45703125 0.01171875 0.04296875
5 0.8125 0.38203125 0.01171875 0.0375
4 0.4171875 0.48046875 0.01328125 0.0453125
3 0.55703125 0.41171875 0.00859375 0.0390625
5 0.690625 0.38984375 0.0125 0.04140625
4 0.8171875 0.434375 0.01171875 0.04453125
4 0.6515625 0.36640625 0.01171875 0.03671875
5 0.43828125 0.4234375 0.01171875 0.0453125
4 0.50546875 0.384375 0.01015625 0.0421875
3 0.90078125 0.7796875 0.03203125 0.08671875
5 0.390625 0.37421875 0.01171875 0.03671875
5 0.55078125 0.35625 0.009375 0.034375
4 0.8234375 0.525 0.015625 0.06015625
4 0.27265625 0.625 0.0203125 0.078125
3 0.42890625 0.29296875 0.00859375 0.03046875
2 0.22109375 0.378125 0.0109375 0.04140625
5 0.8328125 0.50390625 0.01171875 0.0578125
4 0.54921875 0.31328125 0.0078125 0.0296875
0 0.18203125 0.4765625 0.00390625 0.00703125