3 0.24765625 0.23515625 0.009375 0.0375
5 0.515625 0.253125 0.0109375 0.0359375
3 0.45 0.4390625 0.01875 0.0578125
4 0.45234375 0.5875 0.0203125 0.0734375
4 0.41875 0.48984375 0.0140625 0.065625
5 0.5234375 0.353125 0.0125 0.053125
5 0.7078125 0.3546875 0.0109375 0.0578125
4 0.1359375 0.6078125 0.0171875 0.078125
4 0.3265625 0.3375 0.0140625 0.0515625
5 0.89375 0.53203125 0.025 0.075
4 0.4359375 0.6296875 0.021875 0.075
4 0.6890625 0.34765625 0.015625 0.053125
5 0.46171875 0.61328125 0.015625 0.0796875
4 0.1890625 0.49375 0.0203125 0.06875
5 0.18515625 0.56796875 0.028125 0.065625
4 0.28125 0.6609375 0.0203125 0.0734375
5 0.7578125 0.38125 0.0109375 0.0578125
5 0.45078125 0.7828125 0.0390625 0.0796875
5 0.128125 0.64921875 0.021875 0.0796875
5 0.5015625 0.48984375 0.0171875 0.065625
4 0.1765625 0.70234375 0.025 0.0734375
4 0.62421875 0.496875 0.015625 0.0546875
1 0.99140625 0.21484375 0.0171875 0.040625