3 0.415625 0.25625 0.009375 0.0296875
4 0.2296875 0.41328125 0.0171875 0.059375
4 0.16875 0.478125 0.0171875 0.0421875
5 0.475 0.37734375 0.0125 0.040625
2 0.153125 0.3796875 0.015625 0.0421875
5 0.3140625 0.371875 0.0171875 0.0390625
4 0.4859375 0.33125 0.0140625 0.0390625
4 0.328125 0.4125 0.0125 0.046875
3 0.33125 0.4625 0.009375 0.053125
4 0.596875 0.36875 0.0125 0.053125
5 0.215625 0.440625 0.0125 0.0484375
4 0.859375 0.471875 0.0125 0.053125
5 0.4734375 0.48515625 0.0109375 0.05625
5 0.8296875 0.428125 0.0125 0.053125
3 0.9375 0.8171875 0.0171875 0.084375
5 0.39375 0.428125 0.0140625 0.04375
4 0.50625 0.4265625 0.0171875 0.05
5 0.790625 0.48515625 0.0109375 0.0546875
5 0.61015625 0.575 0.0140625 0.059375
4 0.584375 0.46953125 0.0171875 0.0546875
4 0.75 0.471875 0.015625 0.0546875
4 0.80859375 0.590625 0.015625 0.0671875
0 0.1796875 0.49921875 0.00625 0.009375
5 0.16875 0.46875 0.0234375 0.0421875
1 0.3296875 0.25 0.0109375 0.0421875