0 0.725 0.55 0.0125 0.0125
4 0.1296875 0.26484375 0.0140625 0.046875
4 0.31875 0.2203125 0.0171875 0.053125
3 0.09609375 0.209375 0.0140625 0.046875
4 0.509375 0.215625 0.0125 0.0453125
5 0.471875 0.234375 0.0109375 0.0484375
5 0.58125 0.26875 0.015625 0.0578125
3 0.46875 0.3140625 0.0125 0.0546875
4 0.60625 0.5375 0.01875 0.0671875
5 0.4765625 0.33984375 0.015625 0.0609375
5 0.6984375 0.3625 0.0140625 0.0671875
5 0.2796875 0.36875 0.015625 0.0625
4 0.2046875 0.3078125 0.015625 0.0609375
5 0.325 0.3171875 0.0171875 0.0625
4 0.0765625 0.3953125 0.0125 0.065625
5 0.5640625 0.4296875 0.0203125 0.0703125
4 0.2265625 0.5984375 0.01875 0.0875
4 0.3953125 0.36484375 0.015625 0.0609375
4 0.6796875 0.3953125 0.015625 0.071875
5 0.7875 0.571875 0.0203125 0.075
5 0.2984375 0.47265625 0.0171875 0.078125
5 0.740625 0.4125 0.0203125 0.0734375
4 0.81875 0.596875 0.0359375 0.0703125
1 0.85859375 0.16328125 0.009375 0.05