3 0.66953125 0.3125 0.00625 0.0265625
4 0.5578125 0.35625 0.0109375 0.034375
3 0.50625 0.39375 0.009375 0.034375
4 0.3703125 0.4328125 0.009375 0.0359375
2 0.0890625 0.421875 0.0125 0.0390625
5 0.3671875 0.5234375 0.009375 0.0421875
5 0.3484375 0.4375 0.0109375 0.0390625
5 0.365625 0.38671875 0.009375 0.0296875
5 0.48671875 0.4125 0.009375 0.034375
4 0.334375 0.4046875 0.009375 0.034375
5 0.3890625 0.415625 0.0078125 0.034375
5 0.4625 0.3875 0.0078125 0.0328125
4 0.5015625 0.459375 0.0125 0.0390625
4 0.31328125 0.625 0.0140625 0.053125
4 0.1546875 0.653125 0.0125 0.05
5 0.378125 0.4703125 0.0078125 0.0390625
4 0.5640625 0.6359375 0.0109375 0.053125
5 0.58515625 0.54296875 0.0125 0.040625
5 0.2875 0.4875 0.0125 0.0453125
2 0.846875 0.484375 0.009375 0.040625
4 0.7453125 0.434375 0.009375 0.0359375
3 0.1671875 0.6765625 0.0140625 0.0546875
5 0.2203125 0.5921875 0.0125 0.0390625
4 0.5625 0.5046875 0.0109375 0.0453125
4 0.36796875 0.3671875 0.009375 0.0359375
0 0.65625 0.6125 0.0078125 0.0125
1 0.12265625 0.296875 0.009375 0.0546875