3 0.584375 0.25625 0.009375 0.0296875
4 0.7703125 0.41328125 0.015625 0.059375
4 0.83125 0.478125 0.0171875 0.0421875
5 0.525 0.37734375 0.0125 0.040625
2 0.846875 0.3796875 0.015625 0.0421875
5 0.6859375 0.371875 0.0171875 0.0390625
4 0.5140625 0.33125 0.0140625 0.0390625
4 0.671875 0.4125 0.0125 0.046875
3 0.66875 0.4625 0.009375 0.053125
4 0.403125 0.36875 0.0140625 0.053125
5 0.784375 0.440625 0.0125 0.0484375
4 0.140625 0.471875 0.0125 0.053125
5 0.5265625 0.48515625 0.0109375 0.05625
5 0.1703125 0.428125 0.0125 0.053125
3 0.0625 0.8171875 0.0171875 0.084375
5 0.60625 0.428125 0.0140625 0.04375
4 0.49375 0.4265625 0.0171875 0.05
5 0.209375 0.48515625 0.0109375 0.0546875
5 0.38984375 0.575 0.0140625 0.059375
4 0.415625 0.46953125 0.0171875 0.0546875
4 0.25 0.471875 0.015625 0.0546875
4 0.19140625 0.590625 0.015625 0.0671875
0 0.8203125 0.49921875 0.00625 0.009375
5 0.83125 0.46875 0.0234375 0.0421875
1 0.67265625 0.2484375 0.0203125 0.0421875