4 0.384375 0.503125 0.025 0.084375
4 0.2421875 0.65859375 0.03359375 0.08515625
4 0.5109375 0.4203125 0.0359375 0.08984375
4 0.69609375 0.48671875 0.05234375 0.0828125
4 0.665625 0.5984375 0.03359375 0.09140625
4 0.74609375 0.3390625 0.034375 0.0734375
4 0.84609375 0.9109375 0.0375 0.1234375
5 0.17890625 0.6625 0.0421875 0.08125
5 0.55546875 0.40703125 0.034375 0.06171875
5 0.56640625 0.4953125 0.034375 0.07890625
5 0.915625 0.7234375 0.046875 0.1015625
5 0.90390625 0.93671875 0.0453125 0.1234375
0 0.1609375 0.6875 0.0078125 0.01875
2 0.3140625 0.3890625 0.0203125 0.06796875