2 0.64375 0.490625 0.0484375 0.06796875
4 0.6921875 0.49921875 0.03125 0.128125
4 0.39453125 0.51640625 0.03125 0.09375
4 0.08515625 0.3171875 0.040625 0.13125
4 0.540625 0.41796875 0.04609375 0.05859375
5 0.4671875 0.39296875 0.04609375 0.125
5 0.57421875 0.45625 0.03828125 0.140625
5 0.615625 0.50859375 0.03359375 0.134375
5 0.4015625 0.5875 0.03359375 0.121875
5 0.32109375 0.63828125 0.0421875 0.15859375
5 0.19375 0.465625 0.034375 0.134375
5 0.16015625 0.5421875 0.04140625 0.15625
5 0.01875 0.8390625 0.03125 0.18046875
0 0.6015625 0.36796875 0.015625 0.03203125