4 0.915625 0.8359375 0.02890625 0.16171875
4 0.01484375 0.26328125 0.0265625 0.09375
4 0.13125 0.43359375 0.03515625 0.1203125
4 0.265625 0.2796875 0.02109375 0.0953125
4 0.390625 0.33671875 0.02421875 0.08046875
4 0.3890625 0.4203125 0.0359375 0.08828125
4 0.33359375 0.58203125 0.02578125 0.1234375
5 0.190625 0.34375 0.03515625 0.09375
5 0.09609375 0.54140625 0.03125 0.1328125
5 0.30703125 0.4390625 0.03984375 0.1125
5 0.4046875 0.521875 0.04609375 0.1015625
5 0.46796875 0.425 0.0328125 0.109375
5 0.4234375 0.34375 0.025 0.08828125
5 0.396875 0.3 0.0140625 0.06953125
5 0.76875 0.55 0.03359375 0.115625
2 0.815625 0.30703125 0.03203125 0.0953125