4 0.07890625 0.7609375 0.040625 0.1546875
4 0.07578125 0.53515625 0.05546875 0.1265625
4 0.1359375 0.4140625 0.03984375 0.128125
4 0.196875 0.31171875 0.03359375 0.08984375
4 0.31875 0.2484375 0.01875 0.08046875
4 0.465625 0.6078125 0.046875 0.1390625
4 0.471875 0.3015625 0.025 0.103125
4 0.8 0.44453125 0.0171875 0.1296875
5 0.86640625 0.41796875 0.01484375 0.05859375
5 0.365625 0.26640625 0.01875 0.09140625
5 0.3828125 0.3515625 0.02578125 0.0984375
5 0.5484375 0.34453125 0.03046875 0.10625
5 0.64609375 0.35390625 0.03359375 0.09140625
5 0.76171875 0.40859375 0.0328125 0.1265625
5 0.86328125 0.48671875 0.0203125 0.11875
5 0.89375 0.46875 0.0328125 0.125
5 0.9921875 0.5453125 0.015625 0.13125
0 0.2375 0.33125 0.00625 0.0171875