0 0.53359375 0.665625 0.025 0.0296875
2 0.734375 0.190625 0.01953125 0.1
4 0.54296875 0.309375 0.0203125 0.128125
4 0.821875 0.5125 0.03125 0.1328125
4 0.6234375 0.58828125 0.03046875 0.1359375
4 0.48359375 0.49921875 0.040625 0.128125
4 0.39140625 0.36796875 0.028125 0.121875
4 0.27265625 0.24609375 0.03359375 0.1125
4 0.28125 0.190625 0.0296875 0.08515625
4 0.39453125 0.590625 0.0265625 0.15625
4 0.421875 0.25078125 0.021875 0.103125
5 0.48828125 0.290625 0.02734375 0.11875
5 0.03125 0.49140625 0.0453125 0.128125
5 0.4453125 0.58046875 0.0375 0.1515625
5 0.78203125 0.51953125 0.040625 0.14375
5 0.7078125 0.75859375 0.04296875 0.17421875
5 0.00703125 0.2 0.0109375 0.09375