5 0.75078125 0.7734375 0.03359375 0.1484375
5 0.86796875 0.83828125 0.034375 0.16015625
5 0.3234375 0.45390625 0.02578125 0.1078125
5 0.15859375 0.2796875 0.02109375 0.08046875
5 0.03203125 0.4390625 0.03046875 0.096875
5 0.1890625 0.334375 0.021875 0.09140625
5 0.2453125 0.3265625 0.0171875 0.096875
5 0.29375 0.33125 0.0140625 0.08203125
5 0.34140625 0.34140625 0.01015625 0.08671875
0 0.84140625 0.79296875 0.015625 0.03125
4 0.72421875 0.5328125 0.01875 0.1
4 0.74765625 0.5359375 0.02265625 0.109375
4 0.47109375 0.4203125 0.02265625 0.09140625
4 0.38203125 0.359375 0.0296875 0.08671875
4 0.35625 0.34609375 0.01796875 0.09375
4 0.3296875 0.33828125 0.01640625 0.0984375
4 0.3109375 0.32421875 0.02265625 0.08359375
4 0.27109375 0.33203125 0.03125 0.08359375
4 0.25859375 0.3 0.01953125 0.06328125
2 0.5609375 0.284375 0.0234375 0.07890625