4 0.47578125 0.74375 0.0328125 0.1515625
4 0.57890625 0.440625 0.0359375 0.1125
2 0.78828125 0.37734375 0.04140625 0.09140625
4 0.4859375 0.33984375 0.0265625 0.1046875
4 0.1203125 0.309375 0.03515625 0.10625
4 0.30859375 0.3609375 0.02265625 0.1015625
5 0.01484375 0.3078125 0.0265625 0.109375
5 0.27421875 0.415625 0.0296875 0.134375
5 0.3578125 0.3640625 0.02265625 0.1234375
5 0.31640625 0.52109375 0.04296875 0.128125
5 0.4671875 0.41484375 0.0484375 0.1265625
5 0.5234375 0.3640625 0.0453125 0.1140625
5 0.64140625 0.4484375 0.04609375 0.13125
5 0.325 0.37421875 0.0296875 0.1125