4 0.1625 0.6203125 0.04609375 0.16640625
4 0.021875 0.37421875 0.03828125 0.128125
4 0.090625 0.29375 0.02421875 0.11875
4 0.3328125 0.35390625 0.02578125 0.08515625
4 0.33359375 0.2921875 0.0140625 0.04453125
4 0.4875 0.41171875 0.0390625 0.1171875
4 0.6578125 0.4375 0.03515625 0.121875
5 0.18984375 0.37578125 0.03515625 0.121875
5 0.35625 0.28671875 0.01796875 0.03671875
5 0.365625 0.3328125 0.028125 0.10625
5 0.3890625 0.45703125 0.03203125 0.1265625
5 0.51953125 0.37890625 0.03046875 0.13125
5 0.584375 0.4109375 0.03828125 0.13125
2 0.71015625 0.371875 0.0375 0.1265625
5 0.315625 0.30546875 0.01796875 0.0875