4 0.25 0.3359375 0.025 0.109375
4 0.40078125 0.41484375 0.028125 0.1046875
4 0.36875 0.58125 0.0375 0.11875
4 0.9015625 0.75859375 0.03125 0.153125
4 0.45390625 0.4578125 0.0265625 0.08203125
5 0.02734375 0.62578125 0.02890625 0.15859375
5 0.1765625 0.39921875 0.03671875 0.10625
5 0.2875 0.34296875 0.0234375 0.08359375
5 0.34296875 0.50703125 0.03671875 0.115625
5 0.40390625 0.61171875 0.0296875 0.1125
5 0.42734375 0.4015625 0.02734375 0.08984375
5 0.47265625 0.415625 0.034375 0.09140625
5 0.53515625 0.48828125 0.034375 0.08515625
5 0.79609375 0.6125 0.0234375 0.1265625
2 0.73203125 0.35078125 0.0296875 0.07265625
0 0.46953125 0.4984375 0.01953125 0.028125