0 0.44453125 0.30078125 0.0140625 0.01796875
4 0.3828125 0.384375 0.0265625 0.08046875
4 0.4234375 0.9359375 0.0390625 0.103125
4 0.6140625 0.6046875 0.0359375 0.10390625
4 0.6765625 0.42265625 0.03671875 0.084375
4 0.7390625 0.184375 0.0296875 0.06953125
4 0.921875 0.54921875 0.0390625 0.109375
5 0.40078125 0.571875 0.0390625 0.109375
5 0.4546875 0.384375 0.03359375 0.06640625
5 0.47734375 0.44296875 0.05078125 0.096875
5 0.5734375 0.64609375 0.02890625 0.10546875
5 0.61796875 0.26796875 0.03125 0.0890625
5 0.70703125 0.490625 0.03046875 0.1109375
5 0.79765625 0.459375 0.03046875 0.1
5 0.79453125 0.321875 0.03359375 0.096875
5 0.85859375 0.603125 0.0328125 0.109375
2 0.2 0.35078125 0.0359375 0.0875