4 0.29140625 0.86484375 0.05234375 0.16171875
4 0.03671875 0.10546875 0.02109375 0.07890625
4 0.2546875 0.30078125 0.03125 0.1140625
4 0.565625 0.065625 0.01875 0.08828125
4 0.7015625 0.203125 0.02421875 0.1
4 0.70234375 0.33203125 0.0265625 0.1109375
4 0.8703125 0.50078125 0.059375 0.08203125
4 0.865625 0.95234375 0.04140625 0.0953125
4 0.25859375 0.02109375 0.0171875 0.0421875
5 0.18828125 0.2109375 0.0328125 0.09140625
5 0.42265625 0.15859375 0.02421875 0.08671875
5 0.5296875 0.06484375 0.0125 0.06171875
5 0.48671875 0.29296875 0.0234375 0.0953125
5 0.62265625 0.12578125 0.02421875 0.09140625
5 0.58828125 0.40546875 0.02734375 0.09140625
5 0.76328125 0.24609375 0.0234375 0.08203125
5 0.33046875 0.64921875 0.03984375 0.121875
5 0.88984375 0.4265625 0.03515625 0.08828125
5 0.96796875 0.76640625 0.04609375 0.1375
0 0.33046875 0.9125 0.025 0.04453125