2 0.56796875 0.22578125 0.0296875 0.09375
5 0.3625 0.3109375 0.0328125 0.09375
5 0.428125 0.56875 0.02421875 0.07578125
5 0.66171875 0.5328125 0.04296875 0.1
5 0.70625 0.76328125 0.04609375 0.17109375
4 0.52265625 0.49140625 0.0375 0.121875
4 0.16953125 0.23125 0.02109375 0.07734375
4 0.18515625 0.2859375 0.0296875 0.109375
4 0.303125 0.27578125 0.0265625 0.096875
4 0.4109375 0.3140625 0.028125 0.11875
4 0.3046875 0.4015625 0.0234375 0.1046875
4 0.4359375 0.66171875 0.040625 0.15703125
4 0.640625 0.6640625 0.03984375 0.15625
4 0.70390625 0.5359375 0.05078125 0.128125
0 0.72734375 0.80625 0.01484375 0.04140625