2 0.77421875 0.334375 0.02265625 0.134375
4 0.78046875 0.4484375 0.03671875 0.125
4 0.1203125 0.29765625 0.03125 0.1015625
4 0.10625 0.36484375 0.025 0.103125
4 0.1890625 0.6 0.04921875 0.16953125
4 0.365625 0.325 0.02890625 0.096875
4 0.4453125 0.340625 0.025 0.10625
4 0.46015625 0.41171875 0.02890625 0.1265625
5 0.17265625 0.38359375 0.02734375 0.140625
5 0.2890625 0.33515625 0.0328125 0.1109375
5 0.38125 0.459375 0.02421875 0.1375
5 0.475 0.37265625 0.03046875 0.11875
5 0.55859375 0.40546875 0.0296875 0.125
5 0.69375 0.45234375 0.0359375 0.1296875