4 0.83125 0.79296875 0.04140625 0.16640625
4 0.0859375 0.52890625 0.0375 0.128125
4 0.23671875 0.46875 0.02890625 0.109375
4 0.2390625 0.36875 0.02265625 0.1046875
4 0.603125 0.53671875 0.06328125 0.1078125
5 0.2953125 0.4 0.0265625 0.1046875
5 0.14609375 0.44765625 0.0328125 0.1140625
5 0.35859375 0.51328125 0.03828125 0.125
5 0.3859375 0.440625 0.02578125 0.103125
5 0.4578125 0.4578125 0.01796875 0.05390625
5 0.4359375 0.528125 0.03359375 0.08984375
4 0.47265625 0.56015625 0.034375 0.1015625
4 0.4609375 0.50625 0.02578125 0.06484375
5 0.66796875 0.553125 0.040625 0.115625
2 0.67734375 0.39453125 0.03984375 0.09140625
0 0.60546875 0.3328125 0.0140625 0.0234375