4 0.06171875 0.67734375 0.03203125 0.1484375
4 0.05 0.2640625 0.0171875 0.08046875
4 0.18828125 0.3546875 0.01875 0.0953125
4 0.33671875 0.528125 0.03125 0.1203125
4 0.42265625 0.37734375 0.03125 0.09375
4 0.46875 0.40234375 0.03125 0.10625
4 0.534375 0.4578125 0.025 0.103125
4 0.978125 0.6796875 0.04375 0.140625
0 0.93125 0.3109375 0.01484375 0.0265625
2 0.971875 0.35390625 0.03046875 0.09375
5 0.825 0.56953125 0.04296875 0.1265625
5 0.61328125 0.4953125 0.03984375 0.08046875
5 0.571875 0.45078125 0.03359375 0.1078125
5 0.51015625 0.3953125 0.02578125 0.1359375
5 0.51015625 0.41953125 0.01875 0.1203125
5 0.396875 0.43359375 0.02421875 0.1078125
5 0.3703125 0.38828125 0.02265625 0.09375
5 0.29921875 0.37421875 0.03203125 0.09375
5 0.15546875 0.37265625 0.02890625 0.1
5 0.13515625 0.284375 0.02265625 0.1