2 0.60234375 0.22734375 0.02734375 0.096875
4 0.93125 0.59296875 0.04296875 0.1484375
4 0.7609375 0.72734375 0.0515625 0.16484375
4 0.6265625 0.70078125 0.04375 0.16328125
4 0.59140625 0.53125 0.046875 0.1140625
4 0.37890625 0.43046875 0.028125 0.1234375
4 0.3796875 0.28828125 0.028125 0.1046875
4 0.2328125 0.29375 0.0328125 0.1
4 0.22578125 0.23046875 0.025 0.07265625
4 0.5359375 0.33671875 0.03359375 0.1234375
5 0.44453125 0.61484375 0.0390625 0.134375
0 0.43359375 0.64375 0.0125 0.03671875
5 0.46953125 0.34609375 0.0296875 0.11875
5 0.9171875 0.61328125 0.0546875 0.140625