4 0.19453125 0.4359375 0.02890625 0.08359375
4 0.26015625 0.72109375 0.05390625 0.10546875
4 0.30859375 0.309375 0.03125 0.08359375
4 0.5640625 0.36484375 0.02890625 0.09296875
4 0.59609375 0.4796875 0.028125 0.08203125
4 0.659375 0.165625 0.02421875 0.0640625
4 0.85859375 0.29765625 0.021875 0.084375
4 0.759375 0.76015625 0.0296875 0.1125
5 0.3828125 0.30859375 0.028125 0.0890625
5 0.33359375 0.50078125 0.0359375 0.10703125
5 0.6734375 0.53359375 0.02890625 0.096875
5 0.18203125 0.76953125 0.046875 0.11640625
5 0.81171875 0.78203125 0.04296875 0.1140625
5 0.95859375 0.15078125 0.0359375 0.0734375