3 0.26875 0.296875 0.0078125 0.028125
4 0.46015625 0.3625 0.0109375 0.0359375
5 0.40625 0.378125 0.0109375 0.04375
5 0.540625 0.4140625 0.009375 0.0484375
4 0.2921875 0.36171875 0.0140625 0.0390625
4 0.65 0.359375 0.009375 0.0375
3 0.52734375 0.428125 0.0125 0.046875
4 0.671875 0.4078125 0.0078125 0.046875
4 0.4359375 0.38125 0.0140625 0.040625
5 0.315625 0.4390625 0.009375 0.05
5 0.7 0.4203125 0.0125 0.0484375
5 0.3203125 0.359375 0.0078125 0.0359375
5 0.24296875 0.39296875 0.0140625 0.0453125
5 0.2421875 0.615625 0.0171875 0.0578125
4 0.228125 0.65703125 0.01875 0.0640625
4 0.22578125 0.4578125 0.0109375 0.0484375
5 0.63515625 0.5515625 0.0171875 0.0546875
4 0.7921875 0.5078125 0.0203125 0.05625
5 0.1984375 0.4703125 0.0125 0.0515625
4 0.6296875 0.684375 0.0234375 0.065625
4 0.53515625 0.41875 0.0125 0.0453125
0 0.45625 0.37890625 0.0046875 0.0078125
5 0.4578125 0.359375 0.0125 0.0359375
1 0.9125 0.275 0.01875 0.040625