3 0.6671875 0.26328125 0.0078125 0.0296875
5 0.4078125 0.37734375 0.009375 0.04375
3 0.059375 0.9453125 0.0265625 0.0890625
3 0.5265625 0.409375 0.0125 0.0453125
5 0.321875 0.6125 0.0125 0.0546875
4 0.696875 0.378125 0.0109375 0.0421875
5 0.34921875 0.5203125 0.0109375 0.0578125
4 0.3671875 0.43515625 0.0109375 0.0484375
5 0.75 0.596875 0.015625 0.0609375
5 0.67421875 0.36171875 0.0125 0.04375
5 0.56875 0.49375 0.0171875 0.05
4 0.309375 0.60703125 0.0125 0.065625
4 0.51953125 0.46328125 0.0109375 0.053125
4 0.4625 0.5671875 0.015625 0.0625
5 0.28828125 0.46171875 0.0140625 0.0578125
5 0.48984375 0.6 0.0171875 0.059375
4 0.478125 0.6375 0.01875 0.0625
4 0.7171875 0.4828125 0.0171875 0.05
4 0.5359375 0.5484375 0.01875 0.0578125
5 0.240625 0.5875 0.0203125 0.0671875
4 0.79375 0.5484375 0.025 0.0484375
5 0.4171875 0.5421875 0.0203125 0.053125
4 0.665625 0.6125 0.01875 0.0625
0 0.69375 0.3953125 0.0046875 0.009375
1 0.040625 0.24453125 0.01875 0.0609375