4 0.2453125 0.453125 0.0078125 0.0390625
5 0.8640625 0.70703125 0.0171875 0.0359375
4 0.1546875 0.540625 0.021875 0.025
5 0.2328125 0.4359375 0.00625 0.0390625
4 0.2640625 0.4671875 0.009375 0.04375
4 0.25 0.51953125 0.009375 0.040625
3 0.3390625 0.4875 0.0125 0.040625
4 0.39609375 0.5203125 0.009375 0.05
4 0.79375 0.540625 0.009375 0.04375
5 0.371875 0.5078125 0.0109375 0.04375
5 0.778125 0.5671875 0.009375 0.0515625
5 0.82890625 0.5421875 0.0109375 0.05
5 0.609375 0.440625 0.009375 0.034375
4 0.8375 0.6875 0.0171875 0.065625
4 0.4796875 0.553125 0.0109375 0.0484375
5 0.665625 0.69765625 0.0171875 0.0578125
5 0.0515625 0.5625 0.0140625 0.040625
0 0.34921875 0.3984375 0.0046875 0.0109375
4 0.26875 0.4375 0.0078125 0.034375
5 0.23515625 0.453125 0.009375 0.04375
2 0.253125 0.440625 0.0140625 0.028125
4 0.4078125 0.4453125 0.0109375 0.0359375
5 0.46875 0.5546875 0.0125 0.053125
3 0.40546875 0.34375 0.0078125 0.0328125
1 0.39140625 0.34140625 0.009375 0.0375