4 0.6875 0.4875 0.028125 0.0671875
5 0.6984375 0.4921875 0.025 0.059375
5 0.109375 0.61015625 0.01875 0.078125
4 0.56875 0.5484375 0.01875 0.0671875
5 0.3296875 0.3484375 0.0125 0.046875
4 0.23125 0.43515625 0.021875 0.05625
4 0.65 0.54296875 0.028125 0.059375
5 0.740625 0.5890625 0.0328125 0.0609375
4 0.6234375 0.634375 0.0171875 0.0703125
4 0.6734375 0.3671875 0.021875 0.046875
4 0.3765625 0.5734375 0.0171875 0.0671875
4 0.715625 0.5765625 0.0234375 0.059375
4 0.134375 0.63046875 0.0140625 0.078125
5 0.634375 0.315625 0.021875 0.0421875
5 0.153125 0.4578125 0.0140625 0.0640625
5 0.234375 0.5 0.0171875 0.06875
4 0.559375 0.4609375 0.0203125 0.059375
3 0.496875 0.409375 0.01875 0.0484375
5 0.3953125 0.5296875 0.021875 0.0640625
5 0.4984375 0.5625 0.021875 0.0703125
5 0.2203125 0.675 0.0265625 0.0671875
3 0.59296875 0.2109375 0.0125 0.03125
0 0.74453125 0.60859375 0.0078125 0.0125
1 0.91953125 0.2 0.0109375 0.0328125