4 0.40625 0.46953125 0.0109375 0.040625
3 0.296875 0.2390625 0.0078125 0.0265625
3 0.4484375 0.39453125 0.015625 0.040625
4 0.36875 0.590625 0.0203125 0.040625
3 0.8984375 0.8375 0.0171875 0.075
5 0.575 0.3640625 0.009375 0.04375
5 0.69609375 0.50546875 0.0125 0.059375
4 0.325 0.375 0.0140625 0.04375
4 0.6859375 0.51484375 0.015625 0.059375
5 0.3515625 0.3796875 0.015625 0.0453125
5 0.36875 0.5015625 0.0171875 0.0578125
5 0.5109375 0.46796875 0.0140625 0.0578125
5 0.6796875 0.44296875 0.015625 0.0546875
4 0.4125 0.50546875 0.0171875 0.0578125
2 0.95 0.3921875 0.0171875 0.05
4 0.625 0.409375 0.0078125 0.0484375
4 0.5 0.546875 0.0125 0.0609375
5 0.2671875 0.57578125 0.0140625 0.0640625
5 0.7609375 0.6078125 0.0203125 0.0578125
4 0.24296875 0.4703125 0.0203125 0.0515625
4 0.190625 0.5421875 0.0203125 0.0625
5 0.403125 0.565625 0.01875 0.0578125
4 0.33515625 0.6015625 0.0203125 0.065625
5 0.534375 0.578125 0.0203125 0.0609375
0 0.30625 0.28671875 0.00625 0.009375
1 0.8625 0.21640625 0.009375 0.025