2 0.99609375 0.3828125 0.0078125 0.0390625
5 0.5875 0.340625 0.0125 0.0296875
4 0.5078125 0.340625 0.0109375 0.0375
4 0.65703125 0.3328125 0.0109375 0.0390625
4 0.2328125 0.415625 0.0109375 0.0421875
5 0.28046875 0.3625 0.0140625 0.0375
3 0.471875 0.39765625 0.009375 0.040625
4 0.421875 0.41328125 0.0109375 0.0453125
5 0.3875 0.40234375 0.0125 0.0484375
4 0.6546875 0.4015625 0.0125 0.05
4 0.221875 0.63828125 0.0171875 0.065625
5 0.746875 0.38828125 0.0109375 0.0453125
5 0.1640625 0.5453125 0.0140625 0.059375
5 0.725 0.5515625 0.0140625 0.053125
5 0.26875 0.50234375 0.0140625 0.0578125
5 0.5859375 0.446875 0.0125 0.0546875
5 0.196875 0.45625 0.0109375 0.0546875
4 0.55625 0.4421875 0.0125 0.05
4 0.22109375 0.521875 0.015625 0.059375
4 0.8640625 0.503125 0.021875 0.0578125
4 0.68515625 0.63828125 0.0171875 0.0640625
5 0.4015625 0.65625 0.0265625 0.0625
0 0.4390625 0.384375 0.00625 0.0125
3 0.225 0.28515625 0.0125 0.0390625
1 0.821875 0.246875 0.0109375 0.0359375