4 0.3125 0.4875 0.028125 0.0671875
5 0.3015625 0.4921875 0.025 0.059375
5 0.890625 0.61015625 0.01875 0.078125
4 0.43125 0.5484375 0.01875 0.0671875
5 0.6703125 0.3484375 0.0125 0.046875
4 0.76875 0.43515625 0.0203125 0.05625
4 0.35 0.54296875 0.0296875 0.059375
5 0.259375 0.5890625 0.0328125 0.0609375
4 0.3765625 0.634375 0.0171875 0.0703125
4 0.3265625 0.3671875 0.021875 0.046875
4 0.6234375 0.5734375 0.0171875 0.0671875
4 0.284375 0.5765625 0.0234375 0.059375
4 0.865625 0.63046875 0.0140625 0.078125
5 0.365625 0.315625 0.021875 0.0421875
5 0.846875 0.4578125 0.0140625 0.0640625
5 0.765625 0.5 0.0171875 0.06875
4 0.440625 0.4609375 0.021875 0.059375
3 0.503125 0.409375 0.01875 0.0484375
5 0.6046875 0.5296875 0.021875 0.0640625
5 0.5015625 0.5625 0.021875 0.0703125
5 0.7796875 0.675 0.0265625 0.0671875
3 0.40703125 0.2109375 0.0125 0.03125
0 0.25546875 0.60859375 0.0078125 0.0125
1 0.0765625 0.18671875 0.0296875 0.0828125