3 0.3328125 0.26328125 0.0078125 0.0296875
5 0.5921875 0.37734375 0.009375 0.04375
3 0.940625 0.9453125 0.0265625 0.0890625
3 0.4734375 0.409375 0.0140625 0.0453125
5 0.678125 0.6125 0.0125 0.0546875
4 0.303125 0.378125 0.009375 0.0421875
5 0.65078125 0.5203125 0.0109375 0.0578125
4 0.6328125 0.43515625 0.0109375 0.0484375
5 0.25 0.596875 0.015625 0.0609375
5 0.32578125 0.36171875 0.0125 0.04375
5 0.43125 0.49375 0.0171875 0.05
4 0.690625 0.60703125 0.0109375 0.065625
4 0.48046875 0.46328125 0.0109375 0.053125
4 0.5375 0.5671875 0.015625 0.0625
5 0.71171875 0.46171875 0.0140625 0.0578125
5 0.5109375 0.6 0.015625 0.059375
4 0.521875 0.6375 0.01875 0.0625
4 0.2828125 0.4828125 0.0171875 0.05
4 0.4640625 0.5484375 0.01875 0.0578125
5 0.759375 0.5875 0.01875 0.0671875
4 0.20625 0.5484375 0.025 0.0484375
5 0.5828125 0.5421875 0.0203125 0.053125
4 0.334375 0.6125 0.0203125 0.0625
0 0.30625 0.3953125 0.0046875 0.009375
1 0.96171875 0.25 0.015625 0.0453125