5 0.646875 0.41484375 0.0109375 0.04375
5 0.7203125 0.48125 0.015625 0.05
4 0.646875 0.4515625 0.0125 0.0515625
5 0.434375 0.409375 0.0140625 0.046875
4 0.40390625 0.4078125 0.0140625 0.0453125
5 0.3203125 0.58671875 0.0234375 0.0578125
3 0.4484375 0.4296875 0.0125 0.05
4 0.3921875 0.5125 0.0125 0.05
3 0.9484375 0.8375 0.03125 0.075
2 0.9234375 0.4109375 0.0171875 0.046875
4 0.3203125 0.634375 0.01875 0.065625
4 0.290625 0.5015625 0.0125 0.0546875
5 0.475 0.54375 0.015625 0.0578125
4 0.6875 0.56484375 0.0140625 0.0609375
5 0.7296875 0.5296875 0.015625 0.059375
4 0.54609375 0.559375 0.0140625 0.0578125
5 0.5625 0.5609375 0.0140625 0.0578125
4 0.45625 0.5609375 0.0203125 0.05625
5 0.59296875 0.6109375 0.01875 0.0609375
5 0.8078125 0.628125 0.015625 0.0546875
4 0.409375 0.63515625 0.021875 0.065625
5 0.434375 0.628125 0.0171875 0.0671875
4 0.26640625 0.5703125 0.0171875 0.05625
0 0.4671875 0.39140625 0.00625 0.0125
3 0.3125 0.259375 0.0078125 0.03125
1 0.828125 0.23046875 0.0171875 0.040625