4 0.75625 0.453125 0.0078125 0.0390625
4 0.1359375 0.70703125 0.0171875 0.0359375
4 0.8453125 0.540625 0.021875 0.025
5 0.7671875 0.4359375 0.00625 0.0390625
4 0.7359375 0.4671875 0.009375 0.04375
4 0.75 0.51953125 0.009375 0.040625
3 0.6609375 0.4875 0.0125 0.040625
4 0.60390625 0.5203125 0.0109375 0.05
4 0.20625 0.540625 0.009375 0.04375
5 0.628125 0.5078125 0.0109375 0.04375
5 0.221875 0.5671875 0.009375 0.0515625
5 0.17109375 0.5421875 0.009375 0.05
5 0.390625 0.440625 0.009375 0.034375
5 0.1625 0.6875 0.0171875 0.065625
4 0.5203125 0.553125 0.0109375 0.0484375
5 0.334375 0.69765625 0.0171875 0.0578125
5 0.9484375 0.5625 0.0140625 0.040625
0 0.65078125 0.3984375 0.0046875 0.0109375
4 0.73125 0.4375 0.0078125 0.034375
5 0.76484375 0.453125 0.0078125 0.04375
2 0.746875 0.440625 0.0125 0.028125
4 0.5921875 0.4453125 0.0109375 0.0359375
5 0.53125 0.5546875 0.0125 0.053125
3 0.59453125 0.34375 0.0078125 0.0328125
1 0.6109375 0.34453125 0.0078125 0.0296875