0 0.509375 0.41796875 0.00625 0.0109375
3 0.32578125 0.234375 0.00625 0.025
3 0.4609375 0.3703125 0.009375 0.04375
5 0.5875 0.3484375 0.009375 0.04375
4 0.67421875 0.5078125 0.0125 0.05
4 0.43984375 0.446875 0.0125 0.0484375
5 0.5234375 0.50234375 0.021875 0.0578125
4 0.33046875 0.35625 0.009375 0.04375
4 0.20625 0.48828125 0.0140625 0.0578125
5 0.35 0.3484375 0.0109375 0.04375
5 0.4015625 0.5375 0.0125 0.0546875
4 0.28515625 0.4796875 0.0109375 0.053125
5 0.5609375 0.4546875 0.0125 0.0515625
5 0.68515625 0.4953125 0.0109375 0.053125
4 0.4421875 0.5046875 0.009375 0.0578125
5 0.3875 0.4640625 0.015625 0.053125
4 0.64921875 0.4078125 0.0140625 0.046875
4 0.3953125 0.5671875 0.015625 0.0640625
4 0.4421875 0.6109375 0.01875 0.065625
5 0.68125 0.4265625 0.0140625 0.0546875
5 0.26953125 0.53125 0.0171875 0.053125
3 0.85859375 0.890625 0.01875 0.0859375
5 0.7171875 0.6078125 0.01875 0.0578125
1 0.95546875 0.2265625 0.0109375 0.0359375