4 0.24609375 0.325 0.02578125 0.10625
4 0.2421875 0.44140625 0.0375 0.1046875
4 0.328125 0.6140625 0.03828125 0.1265625
4 0.26640625 0.91328125 0.06640625 0.1734375
4 0.3859375 0.359375 0.0359375 0.1015625
4 0.49921875 0.35078125 0.04609375 0.08515625
4 0.6046875 0.4171875 0.04140625 0.1125
5 0.23984375 0.50703125 0.03984375 0.128125
5 0.35625 0.33984375 0.015625 0.07734375
5 0.3671875 0.384375 0.02890625 0.1140625
5 0.4328125 0.41640625 0.025 0.1203125
5 0.4609375 0.40546875 0.0234375 0.134375
5 0.515625 0.43984375 0.01875 0.1203125
5 0.5578125 0.43828125 0.03046875 0.1140625
5 0.596875 0.5171875 0.0265625 0.1296875
5 0.396875 0.60078125 0.05078125 0.13125
5 0.9109375 0.7703125 0.04609375 0.16328125
4 0.884375 0.975 0.03046875 0.04921875
2 0.671875 0.36953125 0.04140625 0.11875