4 0.1859375 0.32421875 0.04140625 0.0953125
0 0.19453125 0.36328125 0.0078125 0.0203125
4 0.1421875 0.56484375 0.0390625 0.1234375
4 0.32109375 0.92734375 0.05859375 0.1453125
4 0.47734375 0.79140625 0.0640625 0.1515625
4 0.3828125 0.28125 0.03046875 0.08828125
4 0.38203125 0.4015625 0.0375 0.1046875
4 0.72421875 0.46796875 0.025 0.1140625
4 0.76015625 0.58984375 0.03046875 0.1203125
5 0.3375 0.31796875 0.02890625 0.0953125
5 0.459375 0.29765625 0.01875 0.1015625
5 0.5 0.39453125 0.03203125 0.1
5 0.5921875 0.5078125 0.03125 0.1234375
5 0.58671875 0.671875 0.03515625 0.1375
5 0.721875 0.66640625 0.034375 0.1296875
5 0.75390625 0.425 0.0421875 0.1125