5 0.021875 0.52890625 0.03984375 0.06328125
5 0.21171875 0.4421875 0.03515625 0.09375
5 0.2515625 0.5609375 0.01953125 0.08828125
5 0.4515625 0.50546875 0.02265625 0.11875
5 0.54609375 0.471875 0.0375 0.0984375
5 0.77265625 0.55703125 0.0390625 0.1140625
4 0.1078125 0.5265625 0.034375 0.1046875
4 0.25 0.62421875 0.0421875 0.11875
4 0.41015625 0.51796875 0.03046875 0.128125
4 0.49921875 0.45703125 0.02421875 0.1015625
4 0.6796875 0.55546875 0.0375 0.1140625
2 0.65546875 0.5078125 0.0328125 0.05859375
0 0.65 0.53359375 0.0125 0.03125