4 0.06953125 0.35703125 0.02109375 0.109375
4 0.309375 0.29453125 0.0265625 0.09296875
4 0.36484375 0.40625 0.02421875 0.1109375
4 0.2828125 0.5421875 0.0390625 0.140625
4 0.4578125 0.546875 0.034375 0.115625
4 0.61640625 0.5015625 0.03515625 0.1203125
4 0.66953125 0.4359375 0.028125 0.11875
4 0.79609375 0.66640625 0.03046875 0.1421875
5 0.0765625 0.61171875 0.02890625 0.140625
5 0.1984375 0.50546875 0.034375 0.125
5 0.33359375 0.5078125 0.03828125 0.1390625
5 0.32734375 0.3765625 0.03046875 0.08359375
5 0.3859375 0.33515625 0.0265625 0.0953125
5 0.4703125 0.3859375 0.0375 0.0984375
5 0.528125 0.440625 0.025 0.103125
5 0.5828125 0.39765625 0.03046875 0.109375
5 0.50390625 0.528125 0.0421875 0.0953125
5 0.7546875 0.55703125 0.03984375 0.1265625
0 0.4796875 0.60078125 0.0140625 0.0234375
2 0.80390625 0.321875 0.03828125 0.07890625