5 0.0296875 0.3 0.03671875 0.13125
5 0.22890625 0.3484375 0.0296875 0.1265625
5 0.178125 0.4125 0.0265625 0.128125
5 0.07890625 0.9265625 0.04296875 0.146875
5 0.64296875 0.55859375 0.05078125 0.1171875
5 0.6875 0.7140625 0.05390625 0.109375
5 0.91015625 0.6578125 0.034375 0.1125
4 0.77734375 0.728125 0.0578125 0.1421875
4 0.0171875 0.6078125 0.02890625 0.1234375
4 0.196875 0.36796875 0.025 0.125
4 0.54921875 0.87109375 0.03828125 0.146875
0 0.6109375 0.87421875 0.015625 0.03828125
2 0.30546875 0.2296875 0.03359375 0.1203125
4 0.0109375 0.9234375 0.021875 0.153125