4 0.03203125 0.4390625 0.0234375 0.096875
4 0.159375 0.27890625 0.02109375 0.07890625
4 0.1875 0.3328125 0.02578125 0.09375
4 0.2421875 0.33203125 0.0171875 0.0953125
4 0.32265625 0.3390625 0.01171875 0.05703125
4 0.325 0.453125 0.0171875 0.09375
4 0.340625 0.3453125 0.015625 0.06796875
4 0.75078125 0.75703125 0.02890625 0.18046875
4 0.8671875 0.84453125 0.03359375 0.16796875
0 0.8375 0.7921875 0.01796875 0.03203125
5 0.7234375 0.53125 0.01953125 0.10625
5 0.74609375 0.53203125 0.021875 0.1140625
5 0.46953125 0.415625 0.021875 0.08515625
5 0.38359375 0.36015625 0.0171875 0.096875
5 0.3578125 0.3484375 0.01796875 0.07421875
5 0.26015625 0.328125 0.02109375 0.128125
5 0.29375 0.3265625 0.015625 0.096875
5 0.3109375 0.33515625 0.0171875 0.0953125
5 0.3359375 0.31484375 0.01015625 0.03671875
2 0.559375 0.28984375 0.0265625 0.08984375