4 0.16484375 0.62734375 0.03046875 0.125
4 0.25 0.94296875 0.040625 0.1140625
4 0.534375 0.81484375 0.0421875 0.17578125
4 0.76484375 0.60078125 0.0390625 0.121875
4 0.72109375 0.50078125 0.0265625 0.1125
4 0.41640625 0.303125 0.0328125 0.08203125
4 0.4171875 0.4390625 0.04296875 0.10625
4 0.18828125 0.3125 0.02421875 0.096875
0 0.20625 0.34765625 0.01484375 0.03828125
5 0.34140625 0.31875 0.0328125 0.09375
5 0.35234375 0.47421875 0.03828125 0.1
5 0.4890625 0.32890625 0.03515625 0.08984375
5 0.48203125 0.40859375 0.0421875 0.0984375
5 0.58359375 0.51953125 0.03125 0.128125
5 0.58671875 0.69375 0.01875 0.115625
5 0.6046875 0.75703125 0.03828125 0.153125
5 0.68203125 0.41328125 0.04609375 0.1015625
5 0.7984375 0.49609375 0.04375 0.128125