5 0.321875 0.409375 0.03203125 0.08203125
5 0.35234375 0.4921875 0.03125 0.0984375
5 0.134375 0.546875 0.03515625 0.10625
5 0.67734375 0.49765625 0.03515625 0.096875
5 0.615625 0.5234375 0.03046875 0.1140625
5 0.534375 0.64375 0.028125 0.1296875
5 0.39765625 0.6265625 0.025 0.1078125
5 0.421875 0.66484375 0.02890625 0.1265625
4 0.0140625 0.4015625 0.028125 0.07734375
4 0.02578125 0.43984375 0.0359375 0.08984375
4 0.0875 0.6078125 0.02890625 0.1296875
4 0.19296875 0.39296875 0.0296875 0.07890625
4 0.2234375 0.65859375 0.03203125 0.1234375
4 0.39296875 0.83359375 0.03515625 0.15703125
4 0.71796875 0.50859375 0.02578125 0.08828125
0 0.7578125 0.53515625 0.01171875 0.028125
2 0.7609375 0.42578125 0.04140625 0.06484375