2 0.91484375 0.3609375 0.03203125 0.1046875
4 0.80078125 0.4609375 0.04453125 0.1375
4 0.6609375 0.39296875 0.04375 0.11875
4 0.59375 0.340625 0.05390625 0.1
4 0.51640625 0.26640625 0.02578125 0.07265625
4 0.5125 0.36796875 0.01640625 0.1
4 0.4625 0.475 0.03515625 0.1234375
4 0.2625 0.4109375 0.04453125 0.121875
4 0.21875 0.3421875 0.03671875 0.09375
5 0.08828125 0.6640625 0.04140625 0.153125
5 0.31640625 0.30390625 0.0234375 0.0984375
5 0.38515625 0.46328125 0.025 0.1234375
5 0.50546875 0.25078125 0.02421875 0.1
5 0.74296875 0.47890625 0.03125 0.1375