2 0.7390625 0.33828125 0.0390625 0.1328125
0 0.3328125 0.34375 0.01640625 0.0265625
4 0.30703125 0.32109375 0.0390625 0.1046875
4 0.2515625 0.45625 0.0421875 0.13125
4 0.22109375 0.53125 0.03359375 0.1203125
4 0.58046875 0.52421875 0.03828125 0.125
4 0.66171875 0.48359375 0.0515625 0.07890625
4 0.775 0.7234375 0.04609375 0.16953125
5 0.18203125 0.409375 0.040625 0.128125
5 0.340625 0.4890625 0.04765625 0.15703125
5 0.37109375 0.4890625 0.04375 0.1515625
5 0.37109375 0.35546875 0.0421875 0.10625
5 0.46640625 0.39765625 0.0359375 0.115625
5 0.61171875 0.40390625 0.0375 0.134375
5 0.70625 0.5046875 0.0390625 0.1140625