2 0.84375 0.26171875 0.0328125 0.096875
4 0.70703125 0.846875 0.04296875 0.1359375
4 0.015625 0.15390625 0.0265625 0.07890625
4 0.28671875 0.27734375 0.02578125 0.09140625
4 0.346875 0.23359375 0.0234375 0.096875
4 0.4296875 0.290625 0.02421875 0.1
4 0.5921875 0.53671875 0.053125 0.1203125
5 0.71875 0.61875 0.05390625 0.1390625
5 0.0515625 0.50078125 0.05078125 0.13125
5 0.14609375 0.20390625 0.02734375 0.0984375
5 0.30390625 0.3453125 0.03046875 0.1171875
5 0.38515625 0.24921875 0.02421875 0.1125
5 0.47109375 0.28515625 0.03359375 0.1078125
5 0.6328125 0.384375 0.02734375 0.1046875
5 0.52734375 0.47421875 0.021875 0.08203125
5 0.51640625 0.5453125 0.03359375 0.096875