2 0.7765625 0.28671875 0.03203125 0.1015625
0 0.3875 0.64140625 0.0140625 0.0234375
5 0.0890625 0.33671875 0.03203125 0.08359375
5 0.07109375 0.77578125 0.03359375 0.15
5 0.15078125 0.4265625 0.02890625 0.109375
5 0.41171875 0.5984375 0.03828125 0.1078125
5 0.596875 0.4515625 0.01953125 0.11875
5 0.90234375 0.6125 0.03671875 0.1515625
5 0.6796875 0.85234375 0.040625 0.17421875
4 0.10546875 0.490625 0.02890625 0.1203125
4 0.29921875 0.36328125 0.0328125 0.1125
4 0.3171875 0.31484375 0.02734375 0.09296875
4 0.4953125 0.35390625 0.02578125 0.09375
4 0.50078125 0.475 0.034375 0.0984375
4 0.49921875 0.5546875 0.03125 0.121875
4 0.6234375 0.44375 0.02421875 0.125
4 0.69375 0.7921875 0.046875 0.17109375
4 0.8140625 0.71015625 0.05 0.15703125
4 0.95546875 0.59453125 0.0546875 0.15