5 0.27265625 0.7984375 0.03984375 0.17109375
5 0.3609375 0.44375 0.0234375 0.109375
5 0.4328125 0.40703125 0.0296875 0.08984375
5 0.4328125 0.49140625 0.01953125 0.103125
5 0.471875 0.5921875 0.034375 0.140625
5 0.47578125 0.44765625 0.0234375 0.1359375
5 0.48046875 0.4 0.02578125 0.09296875
5 0.70078125 0.69296875 0.034375 0.1359375
5 0.534375 0.5015625 0.02734375 0.1171875
4 0.653125 0.84296875 0.03984375 0.1546875
4 0.3125 0.80546875 0.0421875 0.16640625
4 0.3109375 0.37421875 0.02578125 0.07890625
4 0.57734375 0.5921875 0.03125 0.109375
4 0.4921875 0.44609375 0.021875 0.08671875
2 0.6578125 0.40625 0.040625 0.0984375