2 0.70078125 0.325 0.05078125 0.125
0 0.70390625 0.2359375 0.01953125 0.025
4 0.06015625 0.84140625 0.05859375 0.17265625
4 0.37734375 0.68203125 0.0375 0.17265625
4 0.38515625 0.30703125 0.03984375 0.1171875
4 0.70390625 0.6671875 0.046875 0.16484375
5 0.3203125 0.46640625 0.06640625 0.16640625
5 0.47734375 0.31640625 0.03203125 0.08359375
5 0.4875 0.42421875 0.03984375 0.1453125
5 0.62109375 0.49140625 0.03046875 0.146875
5 0.63515625 0.64296875 0.040625 0.17421875
5 0.71484375 0.57890625 0.03203125 0.08984375