4 0.04453125 0.440625 0.02578125 0.096875
4 0.17578125 0.28515625 0.01953125 0.07421875
4 0.20703125 0.340625 0.0265625 0.07265625
4 0.23671875 0.33515625 0.025 0.08359375
4 0.3265625 0.45078125 0.0171875 0.0984375
4 0.7671875 0.784375 0.04453125 0.16796875
4 0.81171875 0.84453125 0.04609375 0.15
4 0.33046875 0.353125 0.0265625 0.06796875
5 0.3609375 0.30703125 0.0265625 0.04296875
5 0.25703125 0.34375 0.021875 0.07890625
5 0.2625 0.30703125 0.021875 0.07421875
5 0.29765625 0.3296875 0.02109375 0.1
5 0.3203125 0.3296875 0.01640625 0.07890625
5 0.38984375 0.3625 0.03203125 0.08359375
5 0.3640625 0.35234375 0.02734375 0.06328125
5 0.47734375 0.421875 0.01640625 0.096875
5 0.72265625 0.52890625 0.02109375 0.115625
5 0.746875 0.53359375 0.021875 0.1203125
0 0.840625 0.79296875 0.01484375 0.03359375
2 0.55546875 0.29375 0.02734375 0.07578125