2 0.94375 0.3421875 0.02890625 0.128125
4 0.78125 0.45859375 0.03515625 0.1421875
4 0.31171875 0.334375 0.0234375 0.1
4 0.24921875 0.38203125 0.0265625 0.096875
4 0.23046875 0.47734375 0.03125 0.121875
4 0.57578125 0.38046875 0.03984375 0.1
4 0.5546875 0.4734375 0.02421875 0.1171875
4 0.68359375 0.5140625 0.03828125 0.1296875
4 0.70703125 0.90625 0.04609375 0.16640625
4 0.83515625 0.71953125 0.04296875 0.16484375
4 0.9375 0.56640625 0.03359375 0.1484375
0 0.27265625 0.41796875 0.01328125 0.03125
5 0.20546875 0.38046875 0.03515625 0.096875
5 0.03125 0.87109375 0.0359375 0.20234375
5 0.54765625 0.88515625 0.03984375 0.19921875
5 0.50390625 0.40546875 0.0484375 0.125
5 0.55703125 0.59296875 0.04140625 0.1390625
5 0.81953125 0.5 0.02890625 0.1359375
5 0.878125 0.54921875 0.03671875 0.1453125
5 0.05 0.2984375 0.03828125 0.10390625