2 0.9375 0.39765625 0.02578125 0.1125
0 0.2390625 0.453125 0.01171875 0.0296875
5 0.1375 0.45234375 0.04296875 0.1078125
5 0.36796875 0.42109375 0.034375 0.0953125
5 0.43671875 0.46953125 0.034375 0.128125
5 0.596875 0.39921875 0.0234375 0.09375
5 0.6375 0.49453125 0.0453125 0.13125
5 0.66953125 0.41640625 0.0375 0.1140625
5 0.86875 0.5578125 0.05078125 0.15
5 0.70859375 0.53828125 0.0390625 0.1296875
5 0.7203125 0.46328125 0.0421875 0.1265625
4 0.21484375 0.3921875 0.0296875 0.07421875
4 0.22265625 0.46015625 0.03515625 0.1390625
4 0.3484375 0.4296875 0.03203125 0.1375
4 0.61640625 0.39921875 0.034375 0.103125
4 0.68828125 0.590625 0.0453125 0.146875
4 0.8640625 0.40703125 0.03515625 0.1078125
4 0.75390625 0.4859375 0.0359375 0.1390625