2 0.846875 0.38046875 0.0328125 0.109375
0 0.41875 0.73515625 0.01484375 0.0234375
4 0.02734375 0.16640625 0.0265625 0.0953125
4 0.26484375 0.44453125 0.0265625 0.1234375
4 0.39765625 0.353125 0.0234375 0.1203125
4 0.31796875 0.50390625 0.02578125 0.13125
4 0.3796875 0.68984375 0.0375 0.1515625
4 0.59375 0.4421875 0.02578125 0.1375
4 0.525 0.39453125 0.01953125 0.146875
5 0.04921875 0.52109375 0.05 0.1375
5 0.13359375 0.34921875 0.0234375 0.1125
5 0.2890625 0.50859375 0.02578125 0.1375
5 0.428125 0.43359375 0.0328125 0.1421875
5 0.49140625 0.403125 0.02578125 0.1359375
5 0.6390625 0.48125 0.03203125 0.1359375
5 0.56953125 0.496875 0.03515625 0.1359375
5 0.56484375 0.4328125 0.02734375 0.08828125
5 0.57109375 0.37890625 0.01953125 0.07890625