2 0.87890625 0.18359375 0.03359375 0.1078125
4 0.140625 0.36796875 0.04140625 0.115625
4 0.38359375 0.41328125 0.0328125 0.1171875
4 0.52421875 0.2765625 0.0296875 0.1046875
4 0.53828125 0.6171875 0.0578125 0.1515625
4 0.64375 0.84375 0.040625 0.17109375
0 0.559375 0.3546875 0.0109375 0.025
5 0.47578125 0.26484375 0.04140625 0.103125
5 0.6484375 0.2953125 0.02578125 0.109375
5 0.45859375 0.5625 0.046875 0.153125
5 0.69453125 0.46171875 0.0359375 0.1515625
5 0.82890625 0.73046875 0.0421875 0.16796875