4 0.04453125 0.578125 0.03828125 0.1375
4 0.15078125 0.38203125 0.0296875 0.103125
4 0.23828125 0.4828125 0.0265625 0.1171875
4 0.5125 0.59921875 0.03046875 0.125
4 0.66015625 0.50546875 0.0296875 0.08828125
5 0.853125 0.60078125 0.03046875 0.1375
5 0.4484375 0.4734375 0.02734375 0.1109375
5 0.47890625 0.3828125 0.0546875 0.1234375
5 0.6484375 0.4765625 0.0203125 0.1078125
5 0.69765625 0.4984375 0.0265625 0.1140625
5 0.5328125 0.42578125 0.0109375 0.0984375
4 0.5140625 0.41640625 0.01875 0.1078125
4 0.546875 0.4390625 0.01875 0.1
2 0.78515625 0.4140625 0.0234375 0.125
0 0.21640625 0.45390625 0.01171875 0.01875