4 0.7234375 0.6375 0.03828125 0.1484375
4 0.53515625 0.48359375 0.03203125 0.128125
4 0.46875 0.6046875 0.0375 0.1234375
4 0.22109375 0.55546875 0.04453125 0.1421875
4 0.44609375 0.42734375 0.03359375 0.1234375
4 0.15390625 0.2625 0.0296875 0.0953125
4 0.253125 0.3546875 0.0234375 0.0953125
5 0.1609375 0.48984375 0.0421875 0.134375
5 0.18828125 0.340625 0.02890625 0.109375
5 0.2578125 0.29296875 0.02734375 0.08671875
5 0.340625 0.33125 0.03984375 0.09140625
5 0.30390625 0.41640625 0.03515625 0.1140625
5 0.3390625 0.4984375 0.0234375 0.1328125
5 0.68359375 0.54296875 0.03125 0.1046875
2 0.6234375 0.278125 0.0234375 0.09296875
5 0.42578125 0.39453125 0.02578125 0.1
5 0.49375 0.54375 0.03203125 0.07578125