4 0.1140625 0.5234375 0.034375 0.09453125
4 0.4140625 0.39609375 0.01796875 0.06953125
4 0.55078125 0.240625 0.02109375 0.07109375
4 0.62265625 0.5125 0.0234375 0.09140625
4 0.78203125 0.29296875 0.025 0.06640625
4 0.86953125 0.40703125 0.02421875 0.078125
4 0.86640625 0.5921875 0.02734375 0.109375
4 0.80703125 0.803125 0.0375 0.10390625
5 0.24296875 0.46953125 0.02265625 0.0859375
5 0.17421875 0.565625 0.03359375 0.090625
5 0.359375 0.41328125 0.02578125 0.09296875
5 0.3796875 0.6734375 0.028125 0.103125
5 0.40703125 0.3546875 0.015625 0.07109375
5 0.46171875 0.26484375 0.021875 0.0625
5 0.53828125 0.48046875 0.03671875 0.0890625
5 0.64375 0.296875 0.01953125 0.059375
5 0.81171875 0.40078125 0.02890625 0.07109375