2 0.2015625 0.4671875 0.03359375 0.06796875
4 0.596875 0.3828125 0.02265625 0.0671875
4 0.5140625 0.5953125 0.03046875 0.0875
4 0.71484375 0.334375 0.01953125 0.06953125
4 0.6734375 0.4515625 0.03359375 0.0640625
4 0.85078125 0.45859375 0.02421875 0.08359375
4 0.97265625 0.36796875 0.04609375 0.0796875
4 0.83828125 0.5703125 0.03203125 0.0984375
5 0.64453125 0.44140625 0.03671875 0.0734375
5 0.78046875 0.28984375 0.0234375 0.08203125
5 0.825 0.79375 0.0375 0.11796875
0 0.621875 0.4734375 0.01171875 0.02109375