4 0.2046875 0.71484375 0.03828125 0.1328125
5 0.8578125 0.3703125 0.025 0.103125
2 0.47265625 0.2078125 0.0234375 0.09375
5 0.61953125 0.53671875 0.025 0.10390625
5 0.66328125 0.3109375 0.021875 0.10078125
5 0.36875 0.43359375 0.0234375 0.11484375
4 0.58125 0.5953125 0.0296875 0.11796875
4 0.9453125 0.35625 0.0234375 0.09765625
4 0.4375 0.45703125 0.0203125 0.1125
5 0.6484375 0.4234375 0.0296875 0.1078125
4 0.7578125 0.2671875 0.0203125 0.09296875
5 0.7828125 0.23203125 0.01875 0.07734375
5 0.17109375 0.7203125 0.04375 0.10625
0 0.190625 0.7546875 0.009375 0.0171875