4 0.5734375 0.73203125 0.040625 0.15546875
5 0.60625 0.4328125 0.028125 0.11484375
4 0.33671875 0.41640625 0.03359375 0.0921875
4 0.74609375 0.69140625 0.0328125 0.140625
5 0.41796875 0.478125 0.03125 0.10546875
5 0.4453125 0.384375 0.02265625 0.09296875
5 0.721875 0.33359375 0.02734375 0.0828125
4 0.796875 0.628125 0.0296875 0.1203125
5 0.4953125 0.38984375 0.03203125 0.10625
4 0.27734375 0.36796875 0.02421875 0.0953125
4 0.5765625 0.43046875 0.021875 0.1078125
0 0.33984375 0.446875 0.0109375 0.02421875