4 0.47734375 0.321875 0.02109375 0.09375
4 0.6 0.39296875 0.02578125 0.10546875
5 0.26875 0.67109375 0.0359375 0.1203125
4 0.31796875 0.415625 0.0296875 0.10703125
4 0.575 0.51171875 0.03515625 0.11875
4 0.58359375 0.65078125 0.0359375 0.103125
4 0.15625 0.36953125 0.025 0.10234375
2 0.840625 0.271875 0.03046875 0.1
4 0.1 0.296875 0.02109375 0.09140625
4 0.371875 0.26953125 0.021875 0.0890625
0 0.40390625 0.6890625 0.01015625 0.0171875
5 0.7609375 0.70703125 0.03359375 0.1375
5 0.4078125 0.35 0.025 0.0828125
5 0.153125 0.1625 0.02421875 0.08828125
5 0.159375 0.25703125 0.01953125 0.08046875
4 0.7390625 0.65390625 0.025 0.146875