5 0.48046875 0.56953125 0.03515625 0.1203125
5 0.65625 0.4796875 0.028125 0.115625
4 0.63984375 0.76796875 0.0375 0.16171875
5 0.84140625 0.71953125 0.03359375 0.146875
5 0.61953125 0.3828125 0.02734375 0.1046875
4 0.36328125 0.44609375 0.0265625 0.1046875
2 0.79140625 0.3109375 0.028125 0.07890625
5 0.5359375 0.3828125 0.03828125 0.0953125
4 0.2140625 0.41484375 0.02421875 0.10078125
4 0.734375 0.80546875 0.03515625 0.153125
0 0.4015625 0.4671875 0.00859375 0.01484375
4 0.56171875 0.39140625 0.0203125 0.1