4 0.69453125 0.67265625 0.0375 0.10703125
5 0.63125 0.72421875 0.04296875 0.13828125
4 0.4890625 0.3546875 0.03359375 0.09765625
4 0.446875 0.6171875 0.04140625 0.11875
4 0.1578125 0.3703125 0.03203125 0.109375
4 0.4171875 0.47265625 0.03125 0.11640625
5 0.08203125 0.80703125 0.0328125 0.14921875
2 0.78359375 0.21640625 0.0359375 0.0953125
5 0.07734375 0.2046875 0.01953125 0.08671875
5 0.2390625 0.25390625 0.03046875 0.08125
5 0.00703125 0.10546875 0.0140625 0.090625
4 0.35390625 0.25546875 0.03125 0.084375
4 0.28671875 0.21953125 0.02109375 0.08984375
0 0.621875 0.7703125 0.01015625 0.0203125