4 0.1453125 0.43671875 0.02421875 0.10859375
4 0.159375 0.29609375 0.01484375 0.06015625
5 0.525 0.35703125 0.02109375 0.0875
4 0.6953125 0.45859375 0.0296875 0.10859375
4 0.25078125 0.38125 0.021875 0.09765625
4 0.30390625 0.5125 0.02734375 0.128125
5 0.84375 0.4796875 0.02578125 0.1046875
4 0.821875 0.48046875 0.01953125 0.11328125
5 0.3640625 0.31484375 0.01875 0.11328125
4 0.91875 0.51875 0.025 0.13828125
4 0.040625 0.30859375 0.0140625 0.0859375
5 0.75703125 0.4390625 0.015625 0.125
4 0.78359375 0.46328125 0.01796875 0.10546875
0 0.146875 0.33046875 0.00703125 0.01484375
5 0.896875 0.50625 0.01875 0.125
5 0.7265625 0.45703125 0.025 0.115625
5 0.796875 0.4578125 0.01484375 0.1109375
5 0.7703125 0.43203125 0.00859375 0.08203125