5 0.50078125 0.5046875 0.0265625 0.09453125
4 0.3796875 0.30390625 0.02265625 0.0640625
4 0.60625 0.53515625 0.02578125 0.1015625
4 0.56796875 0.371875 0.01796875 0.08984375
4 0.3484375 0.421875 0.02421875 0.10078125
5 0.3203125 0.3765625 0.02578125 0.07265625
5 0.32734375 0.28046875 0.021875 0.08046875
4 0.23046875 0.36328125 0.02109375 0.08125
4 0.67109375 0.42578125 0.03125 0.096875
2 0.88828125 0.3625 0.02421875 0.09375
4 0.4234375 0.58671875 0.0265625 0.10859375
5 0.23046875 0.28203125 0.02109375 0.07109375
5 0.6484375 0.39765625 0.01328125 0.05703125
0 0.34140625 0.31484375 0.00859375 0.025