5 0.69140625 0.59296875 0.03671875 0.096875
5 0.48046875 0.5578125 0.03828125 0.10625
2 0.91875 0.3875 0.03125 0.08359375
5 0.38984375 0.68125 0.03046875 0.1125
5 0.3234375 0.575 0.02734375 0.10625
4 0.20625 0.240625 0.01953125 0.0828125
4 0.83046875 0.609375 0.02578125 0.10390625
5 0.18125 0.52421875 0.02265625 0.109375
5 0.27890625 0.33984375 0.02421875 0.08515625
5 0.3953125 0.465625 0.0296875 0.09453125
0 0.65546875 0.57734375 0.009375 0.01328125
5 0.43984375 0.371875 0.025 0.0734375
5 0.35234375 0.60546875 0.0234375 0.12109375
4 0.275 0.5671875 0.0265625 0.1171875
4 0.30390625 0.6328125 0.028125 0.1203125
4 0.4265625 0.57265625 0.028125 0.0875
4 0.5125 0.40625 0.025 0.078125
4 0.29296875 0.384375 0.02578125 0.1
5 0.4859375 0.4578125 0.0359375 0.08515625
4 0.31640625 0.4828125 0.034375 0.08828125