5 0.2375 0.70625 0.0359375 0.13359375
5 0.23125 0.5484375 0.040625 0.1296875
4 0.10625 0.7109375 0.03984375 0.1359375
5 0.43203125 0.603125 0.03671875 0.1296875
4 0.38515625 0.40703125 0.02734375 0.09921875
4 0.46171875 0.5 0.04296875 0.10546875
4 0.10234375 0.2765625 0.0265625 0.08359375
5 0.17421875 0.46171875 0.04765625 0.1125
4 0.825 0.5453125 0.03515625 0.11640625
5 0.32578125 0.36328125 0.03203125 0.0875
2 0.7921875 0.38046875 0.03359375 0.10546875
5 0.534375 0.45078125 0.04453125 0.10703125
5 0.56640625 0.48046875 0.021875 0.08984375
5 0.5671875 0.58125 0.028125 0.1140625
4 0.00703125 0.35546875 0.0140625 0.09453125
0 0.825 0.58046875 0.0078125 0.015625