4 0.303125 0.51875 0.03125 0.1375
5 0.1359375 0.64140625 0.0453125 0.14921875
5 0.26015625 0.8984375 0.0375 0.1828125
4 0.709375 0.4921875 0.03125 0.14140625
5 0.196875 0.38203125 0.02265625 0.1125
4 0.5203125 0.39375 0.028125 0.1109375
4 0.41484375 0.278125 0.025 0.1140625
4 0.36875 0.3453125 0.0234375 0.11171875
4 0.64609375 0.49921875 0.0265625 0.1296875
5 0.359375 0.24609375 0.028125 0.09453125
4 0.98671875 0.7296875 0.0265625 0.16640625
0 0.7375 0.39921875 0.01171875 0.0234375
5 0.728125 0.67109375 0.05703125 0.165625
4 0.71484375 0.61171875 0.0234375 0.1484375