5 0.89765625 0.81015625 0.03515625 0.16484375
5 0.25625 0.64921875 0.03671875 0.134375
4 0.18046875 0.27734375 0.01953125 0.09296875
5 0.41796875 0.3421875 0.03515625 0.10390625
4 0.0765625 0.37109375 0.025 0.11953125
5 0.4515625 0.28046875 0.0296875 0.09453125
4 0.23125 0.29921875 0.034375 0.10546875
5 0.684375 0.22421875 0.0203125 0.0765625
4 0.74765625 0.48359375 0.0265625 0.11484375
5 0.7484375 0.4078125 0.01640625 0.053125
4 0.79921875 0.6515625 0.0296875 0.14375
5 0.12734375 0.25546875 0.0203125 0.08984375
4 0.6578125 0.225 0.02421875 0.07578125
5 0.7828125 0.590625 0.028125 0.13203125
0 0.6828125 0.26171875 0.00703125 0.01328125