5 0.1671875 0.42890625 0.0296875 0.109375
2 0.75546875 0.34765625 0.0375 0.08359375
5 0.5515625 0.42578125 0.02890625 0.109375
4 0.34453125 0.4296875 0.03046875 0.1046875
5 0.44921875 0.52578125 0.03984375 0.1015625
5 0.56953125 0.57578125 0.02421875 0.10078125
5 0.38984375 0.3359375 0.02421875 0.1
5 0.15234375 0.3171875 0.02265625 0.090625
4 0.23125 0.49765625 0.02578125 0.11328125
4 0.34609375 0.35234375 0.0265625 0.0875
4 0.35234375 0.66328125 0.03046875 0.13515625
5 0.4640625 0.3703125 0.034375 0.10703125
5 0.5203125 0.58984375 0.0328125 0.09609375
4 0.5515625 0.59375 0.03125 0.10703125
5 0.36953125 0.4421875 0.021875 0.10078125
0 0.4609375 0.58671875 0.01484375 0.0171875