4 0.29765625 0.66875 0.028125 0.13984375
5 0.44921875 0.71796875 0.0296875 0.1328125
2 0.6203125 0.42265625 0.03046875 0.11953125
5 0.253125 0.5453125 0.0265625 0.14140625
5 0.2953125 0.41171875 0.0296875 0.1140625
5 0.20078125 0.46328125 0.02734375 0.11796875
5 0.41171875 0.4796875 0.02421875 0.11484375
5 0.50234375 0.5515625 0.03125 0.14296875
4 0.6046875 0.55859375 0.02421875 0.12578125
4 0.0265625 0.50390625 0.0203125 0.12265625
5 0.346875 0.4171875 0.02109375 0.0828125
5 0.4984375 0.4828125 0.0203125 0.06640625
5 0.3625 0.49375 0.01796875 0.128125
4 0.16875 0.4734375 0.021875 0.11953125
4 0.3421875 0.51484375 0.021875 0.121875
0 0.8296875 0.55390625 0.01953125 0.0359375