5 0.14765625 0.26796875 0.03359375 0.096875
5 0.39140625 0.49296875 0.04375 0.11640625
5 0.02265625 0.44140625 0.0453125 0.11796875
5 0.69609375 0.50234375 0.03125 0.103125
4 0.5703125 0.4109375 0.0453125 0.1
4 0.05234375 0.61015625 0.04609375 0.128125
4 0.6453125 0.49765625 0.0328125 0.11171875
4 0.196875 0.278125 0.021875 0.0875
4 0.46640625 0.3640625 0.028125 0.0984375
4 0.546875 0.36640625 0.028125 0.0984375
5 0.4234375 0.7578125 0.05234375 0.1484375
5 0.53203125 0.29296875 0.0265625 0.096875
5 0.4015625 0.31015625 0.04453125 0.096875
5 0.40234375 0.36796875 0.0296875 0.07578125
0 0.49921875 0.38828125 0.01171875 0.0234375
4 0.47109375 0.3234375 0.03046875 0.07890625