4 0.659375 0.58984375 0.046875 0.1265625
5 0.78046875 0.784375 0.065625 0.125
2 0.81796875 0.13828125 0.03203125 0.0984375
4 0.7359375 0.78046875 0.0390625 0.14296875
5 0.55 0.23671875 0.03828125 0.09453125
5 0.478125 0.3015625 0.02265625 0.1046875
4 0.11484375 0.796875 0.03515625 0.16171875
5 0.828125 0.46015625 0.03515625 0.10859375
4 0.4109375 0.31875 0.02734375 0.109375
4 0.42109375 0.140625 0.021875 0.109375
5 0.51796875 0.19296875 0.02421875 0.10234375
5 0.5046875 0.634375 0.02578125 0.10390625
4 0.80625 0.48125 0.040625 0.1078125
5 0.4015625 0.12734375 0.01953125 0.08828125
5 0.309375 0.5875 0.02578125 0.16328125
5 0.46015625 0.12734375 0.02265625 0.0578125
4 0.4609375 0.19765625 0.01796875 0.09765625
0 0.64453125 0.62890625 0.0171875 0.0265625