5 0.2796875 0.76015625 0.02890625 0.1546875
2 0.6359375 0.47734375 0.02890625 0.0546875
5 0.7 0.50390625 0.02578125 0.12578125
5 0.26875 0.47578125 0.02734375 0.1171875
4 0.52890625 0.54765625 0.025 0.12265625
5 0.96171875 0.646875 0.0328125 0.13515625
5 0.31484375 0.40859375 0.0390625 0.10390625
4 0.209375 0.43515625 0.0265625 0.103125
5 0.6359375 0.51015625 0.04375 0.1078125
4 0.41640625 0.559375 0.0296875 0.09609375
5 0.61171875 0.478125 0.025 0.12265625
0 0.71796875 0.415625 0.01484375 0.02734375
4 0.4109375 0.44609375 0.0359375 0.12421875