5 0.490625 0.6328125 0.040625 0.15859375
4 0.378125 0.8359375 0.03828125 0.17734375
5 0.01953125 0.7234375 0.0375 0.16796875
4 0.4578125 0.459375 0.03515625 0.1375
4 0.040625 0.39296875 0.025 0.1265625
5 0.27890625 0.34375 0.0265625 0.1171875
4 0.69140625 0.4890625 0.03359375 0.10859375
4 0.3484375 0.36640625 0.0234375 0.13125
5 0.64609375 0.51171875 0.0359375 0.05234375
2 0.62265625 0.45234375 0.0859375 0.09296875
4 0.3328125 0.521875 0.0390625 0.13203125
4 0.2953125 0.43125 0.0234375 0.146875
5 0.31484375 0.4390625 0.02265625 0.14375