5 0.684375 0.89765625 0.0453125 0.1328125
4 0.34765625 0.33671875 0.02109375 0.0765625
5 0.0421875 0.23046875 0.01640625 0.0578125
5 0.778125 0.53671875 0.05625 0.09453125
2 0.86953125 0.3765625 0.0375 0.06484375
5 0.32734375 0.259375 0.0203125 0.06484375
4 0.60546875 0.4203125 0.0171875 0.08125
4 0.7484375 0.53125 0.0203125 0.09453125
5 0.41015625 0.4875 0.01796875 0.09921875
4 0.42421875 0.5078125 0.01796875 0.08046875
5 0.590625 0.4109375 0.02578125 0.07890625
4 0.12421875 0.884375 0.0265625 0.13515625