5 0.26796875 0.7671875 0.0328125 0.16015625
5 0.98125 0.6546875 0.034375 0.1453125
5 0.625 0.475 0.0265625 0.14296875
4 0.44375 0.5578125 0.0265625 0.11796875
5 0.715625 0.50703125 0.025 0.1140625
4 0.5 0.56875 0.025 0.11171875
5 0.390625 0.3953125 0.02890625 0.11171875
5 0.28515625 0.46015625 0.02734375 0.11015625
5 0.66015625 0.52890625 0.03359375 0.09765625
4 0.253125 0.42890625 0.02734375 0.11328125
4 0.4203125 0.44765625 0.0234375 0.1125
2 0.64921875 0.4625 0.02109375 0.084375
0 0.76484375 0.43828125 0.01328125 0.0234375