5 0.790625 0.7953125 0.04765625 0.134375
4 0.5765625 0.48828125 0.03828125 0.10390625
5 0.18828125 0.72890625 0.04375 0.13359375
5 0.7484375 0.553125 0.02578125 0.0703125
4 0.5015625 0.54765625 0.046875 0.11171875
5 0.28515625 0.521875 0.025 0.10546875
2 0.8265625 0.5 0.02578125 0.09453125
4 0.48203125 0.41875 0.0265625 0.09375
4 0.721875 0.55078125 0.03125 0.09140625
4 0.3671875 0.45625 0.02109375 0.1046875
0 0.48984375 0.38515625 0.01171875 0.02890625
5 0.75 0.61484375 0.02734375 0.10546875
5 0.40390625 0.4 0.03515625 0.08671875
5 0.3984375 0.48515625 0.0296875 0.10625
4 0.43359375 0.403125 0.021875 0.0859375