5 0.40859375 0.409375 0.028125 0.09453125
5 0.0171875 0.8140625 0.03359375 0.14921875
5 0.3109375 0.3 0.03671875 0.09609375
4 0.471875 0.34609375 0.03671875 0.09765625
5 0.10546875 0.3859375 0.03046875 0.10625
5 0.6640625 0.5265625 0.034375 0.10078125
4 0.5390625 0.4109375 0.02578125 0.10546875
2 0.9890625 0.36171875 0.021875 0.07421875
4 0.1453125 0.46171875 0.040625 0.121875
4 0.24296875 0.3015625 0.03828125 0.08203125
0 0.53125 0.45859375 0.01328125 0.01796875
4 0.56953125 0.38046875 0.0234375 0.11875
4 0.65625 0.46484375 0.03125 0.08828125
4 0.2546875 0.3890625 0.0359375 0.1140625
5 0.540625 0.365625 0.02421875 0.0296875