4 0.34453125 0.72578125 0.03515625 0.13046875
2 0.88203125 0.3390625 0.021875 0.0875
5 0.49375 0.3171875 0.0203125 0.0796875
4 0.465625 0.759375 0.0265625 0.1234375
5 0.14375 0.5734375 0.02421875 0.11640625
4 0.00859375 0.6890625 0.0171875 0.10625
5 0.89921875 0.81953125 0.0328125 0.14296875
5 0.54609375 0.7171875 0.025 0.1375
4 0.44921875 0.6265625 0.02421875 0.103125
4 0.72421875 0.5609375 0.02421875 0.103125
5 0.68046875 0.55390625 0.021875 0.125
4 0.34453125 0.48828125 0.01796875 0.0953125
0 0.86796875 0.4796875 0.00859375 0.01484375