2 0.83125 0.49453125 0.0359375 0.12109375
5 0.81015625 0.70625 0.0453125 0.12734375
5 0.2296875 0.68359375 0.03984375 0.1234375
5 0.365625 0.34453125 0.02265625 0.09140625
4 0.690625 0.52578125 0.02734375 0.0984375
5 0.82734375 0.5875 0.0375 0.09296875
4 0.55234375 0.48984375 0.04609375 0.12265625
4 0.640625 0.5359375 0.03828125 0.11171875
4 0.36328125 0.446875 0.028125 0.09375
5 0.2609375 0.5203125 0.02578125 0.11015625
4 0.45859375 0.37578125 0.01875 0.090625
5 0.41484375 0.47421875 0.03984375 0.10390625
4 0.5671875 0.40234375 0.02734375 0.1015625
4 0.6984375 0.61328125 0.0453125 0.1109375
0 0.76953125 0.46015625 0.01328125 0.02734375