5 0.7015625 0.74609375 0.0265625 0.12109375
2 0.896875 0.3203125 0.02734375 0.0734375
5 0.21328125 0.41015625 0.03359375 0.08671875
4 0.65078125 0.478125 0.021875 0.096875
0 0.3265625 0.5 0.01328125 0.03203125
4 0.35078125 0.5703125 0.02890625 0.109375
5 0.4125 0.5234375 0.02734375 0.0984375
5 0.25234375 0.28828125 0.01484375 0.08359375
4 0.42734375 0.33203125 0.015625 0.084375
5 0.515625 0.40234375 0.02109375 0.090625
4 0.38203125 0.52578125 0.02265625 0.0796875
4 0.74921875 0.53984375 0.02421875 0.1109375
4 0.56328125 0.42578125 0.02109375 0.09609375
5 0.71484375 0.5015625 0.028125 0.06796875
2 0.71484375 0.59765625 0.0203125 0.090625
2 0.71953125 0.5359375 0.0171875 0.06484375