4 0.34296875 0.4859375 0.0203125 0.09296875
5 0.32734375 0.7453125 0.03359375 0.13046875
5 0.1234375 0.58359375 0.0265625 0.11015625
5 0.90078125 0.8359375 0.03359375 0.134375
5 0.67421875 0.57265625 0.02109375 0.12890625
4 0.45234375 0.625 0.0265625 0.10625
5 0.4609375 0.76953125 0.02578125 0.11953125
4 0.73671875 0.5640625 0.0234375 0.09765625
2 0.878125 0.3640625 0.0265625 0.0953125
5 0.48671875 0.31875 0.01640625 0.075
5 0.53828125 0.72578125 0.02578125 0.1265625
0 0.86640625 0.43984375 0.0125 0.0203125