4 0.10546875 0.365625 0.0671875 0.109375
4 0.21171875 0.60390625 0.046875 0.153125
5 0.4078125 0.45703125 0.02421875 0.1265625
5 0.1953125 0.378125 0.0296875 0.1140625
5 0.58046875 0.41015625 0.0359375 0.1203125
4 0.48984375 0.41015625 0.04453125 0.11796875
4 0.1328125 0.29140625 0.0265625 0.1
2 0.77109375 0.3796875 0.028125 0.11796875
5 0.72734375 0.44609375 0.021875 0.13828125
4 0.434375 0.328125 0.021875 0.09765625
5 0.321875 0.32265625 0.02421875 0.1
5 0.39140625 0.353125 0.0546875 0.0359375
4 0.38203125 0.3203125 0.01875 0.103125
5 0.5265625 0.3703125 0.0265625 0.13046875
4 0.7515625 0.4609375 0.02109375 0.13203125
0 0.2390625 0.3609375 0.02578125 0.0359375
5 0.3890625 0.29453125 0.01328125 0.065625