5 0.30859375 0.4796875 0.02734375 0.13203125
2 0.54609375 0.47265625 0.02890625 0.12578125
4 0.425 0.5171875 0.02578125 0.140625
4 0.2015625 0.54765625 0.025 0.1375
4 0.0171875 0.765625 0.034375 0.1734375
5 0.57265625 0.60234375 0.03359375 0.121875
4 0.21640625 0.4453125 0.025 0.10546875
5 0.07265625 0.51796875 0.0328125 0.1234375
4 0.0921875 0.459375 0.025 0.13359375
4 0.340625 0.57265625 0.03515625 0.13359375
4 0.371875 0.53671875 0.02578125 0.14296875
4 0.36171875 0.4328125 0.0140625 0.08046875
4 0.4546875 0.534375 0.02734375 0.1421875