5 0.70546875 0.64765625 0.03046875 0.12734375
4 0.28046875 0.28359375 0.034375 0.07734375
4 0.6515625 0.56171875 0.0328125 0.11640625
5 0.63203125 0.459375 0.040625 0.09765625
4 0.390625 0.32890625 0.0234375 0.0875
4 0.21640625 0.38125 0.025 0.0890625
4 0.3078125 0.425 0.02265625 0.09609375
2 0.57890625 0.471875 0.03671875 0.09453125
4 0.53125 0.4421875 0.02890625 0.11875
4 0.49609375 0.39375 0.0234375 0.075
5 0.46796875 0.434375 0.0265625 0.10625
2 0.75390625 0.34140625 0.01875 0.0828125
5 0.3609375 0.40390625 0.028125 0.08515625
4 0.3625 0.48359375 0.02265625 0.09921875
0 0.3484375 0.3125 0.01484375 0.0203125
5 0.5515625 0.4140625 0.02109375 0.0984375