4 0.90390625 0.8359375 0.0328125 0.13125
2 0.86875 0.39765625 0.03515625 0.09765625
4 0.34375 0.47734375 0.01953125 0.09296875
5 0.103125 0.58671875 0.02578125 0.10546875
5 0.6625 0.58125 0.0234375 0.1203125
4 0.52734375 0.72578125 0.02578125 0.13046875
5 0.3125 0.75234375 0.0390625 0.13046875
4 0.4515625 0.76796875 0.025 0.1265625
4 0.75078125 0.55234375 0.021875 0.1078125
5 0.48359375 0.321875 0.01796875 0.07578125
4 0.4578125 0.62578125 0.0203125 0.1109375
0 0.8640625 0.4359375 0.01015625 0.02265625