5 0.55703125 0.51796875 0.02265625 0.1
5 0.2421875 0.903125 0.03359375 0.15234375
4 0.40234375 0.60390625 0.02421875 0.12578125
4 0.6015625 0.5140625 0.04609375 0.08828125
2 0.66328125 0.45234375 0.0375 0.08359375
5 0.44375 0.4375 0.028125 0.08984375
4 0.54609375 0.4578125 0.0359375 0.08828125
4 0.03359375 0.52265625 0.02265625 0.10078125
5 0.38828125 0.42265625 0.02578125 0.09921875
4 0.478125 0.4375 0.028125 0.08359375
0 0.5921875 0.43203125 0.0109375 0.0296875
4 0.52421875 0.52734375 0.05390625 0.06796875