5 0.509375 0.45625 0.01640625 0.07109375
5 0.74921875 0.3984375 0.01015625 0.01640625
5 0.7625 0.48046875 0.01875 0.06015625
5 0.34921875 0.5015625 0.0171875 0.06171875
5 0.3265625 0.40390625 0.0140625 0.04375
5 0.51171875 0.59453125 0.01875 0.05859375
4 0.35 0.41015625 0.01484375 0.05390625
5 0.440625 0.45390625 0.0140625 0.05703125
4 0.696875 0.6875 0.02890625 0.06328125
5 0.2625 0.42578125 0.0125 0.04453125
5 0.528125 0.34296875 0.0125 0.03671875
4 0.521875 0.49140625 0.0203125 0.06171875
4 0.55078125 0.4609375 0.0125 0.05078125
5 0.1671875 0.3625 0.01171875 0.04375
4 0.775 0.37421875 0.01875 0.05234375
2 0.91171875 0.32734375 0.0140625 0.0453125
4 0.12890625 0.346875 0.0109375 0.0421875
4 0.51171875 0.328125 0.01328125 0.04375