4 0.68203125 0.61875 0.0390625 0.1359375
4 0.121875 0.49296875 0.0265625 0.09921875
5 0.38671875 0.4015625 0.0203125 0.0921875
4 0.3171875 0.48984375 0.0328125 0.10859375
5 0.77265625 0.6234375 0.034375 0.11484375
4 0.55546875 0.68984375 0.0328125 0.12109375
5 0.27890625 0.4578125 0.0296875 0.10078125
5 0.52421875 0.49453125 0.025 0.103125
5 0.58203125 0.6484375 0.028125 0.1078125
5 0.5421875 0.5734375 0.02734375 0.10625
2 0.97421875 0.51015625 0.02890625 0.10546875
4 0.94375 0.98203125 0.040625 0.0328125
5 0.76328125 0.55546875 0.0171875 0.05546875
5 0.184375 0.36640625 0.02421875 0.06484375
4 0.1734375 0.315625 0.0171875 0.0859375