5 0.2921875 0.75625 0.03203125 0.128125
2 0.8671875 0.40859375 0.03046875 0.1
5 0.90546875 0.84140625 0.034375 0.1359375
5 0.65390625 0.584375 0.02890625 0.11328125
4 0.46015625 0.6234375 0.03046875 0.10078125
4 0.76015625 0.54296875 0.021875 0.1015625
4 0.34453125 0.46953125 0.0203125 0.09375
5 0.515625 0.721875 0.02265625 0.13515625
5 0.48203125 0.321875 0.01953125 0.08046875
4 0.44453125 0.76953125 0.02421875 0.13046875
5 0.08203125 0.58828125 0.021875 0.10390625
0 0.86171875 0.459375 0.00859375 0.0140625