2 0.9203125 0.41171875 0.025 0.09453125
5 0.803125 0.85390625 0.05 0.14921875
4 0.6265625 0.53359375 0.0234375 0.11640625
4 0.31640625 0.4921875 0.03671875 0.07578125
5 0.5875 0.55625 0.025 0.1125
5 0.2515625 0.48359375 0.02421875 0.09609375
4 0.40078125 0.60625 0.02578125 0.1234375
5 0.0953125 0.35625 0.02109375 0.0890625
5 0.26328125 0.315625 0.01953125 0.084375
4 0.5078125 0.44296875 0.021875 0.1078125
4 0.3140625 0.42421875 0.01953125 0.08203125
4 0.5484375 0.46953125 0.02109375 0.10859375
5 0.28515625 0.61015625 0.02734375 0.1234375
4 0.7265625 0.57265625 0.021875 0.11640625
5 0.46171875 0.52265625 0.02578125 0.10234375
4 0.39375 0.359375 0.01953125 0.08046875
4 0.3796875 0.39375 0.0171875 0.0953125