5 0.2421875 0.6953125 0.03359375 0.13515625
5 0.35625 0.2703125 0.01953125 0.08671875
4 0.13515625 0.2921875 0.0203125 0.0890625
4 0.76953125 0.60546875 0.021875 0.1046875
4 0.41796875 0.38828125 0.0234375 0.0984375
5 0.50234375 0.35234375 0.021875 0.08359375
4 0.4828125 0.3546875 0.01953125 0.09296875
4 0.53984375 0.44375 0.0203125 0.0921875
4 0.38359375 0.51953125 0.03125 0.10078125
4 0.6890625 0.509375 0.0234375 0.12109375
5 0.17265625 0.41015625 0.02421875 0.11015625
5 0.34765625 0.40078125 0.0375 0.0890625
5 0.37421875 0.446875 0.0265625 0.10625
4 0.371875 0.3875 0.01796875 0.04375
0 0.35078125 0.4375 0.0109375 0.01796875