5 0.35390625 0.3921875 0.021875 0.0875
5 0.515625 0.503125 0.02421875 0.1125
4 0.65546875 0.61328125 0.0375 0.13203125
4 0.8796875 0.94765625 0.0359375 0.10234375
5 0.28984375 0.4546875 0.02421875 0.1046875
4 0.12734375 0.48984375 0.02734375 0.10390625
5 0.1625 0.35 0.015625 0.08046875
4 0.3359375 0.50703125 0.0296875 0.1046875
4 0.5546875 0.675 0.03828125 0.11875
5 0.55 0.55859375 0.025 0.11484375
5 0.7609375 0.61953125 0.01953125 0.1265625
5 0.57109375 0.6328125 0.0203125 0.1125
5 0.74609375 0.59140625 0.02265625 0.11484375
2 0.91171875 0.509375 0.021875 0.125
4 0.17109375 0.315625 0.01171875 0.0671875