4 0.546875 0.53125 0.03046875 0.1078125
5 0.3890625 0.4265625 0.028125 0.0984375
4 0.84921875 0.76953125 0.03203125 0.14609375
5 0.4390625 0.5546875 0.02734375 0.11171875
2 0.68359375 0.378125 0.03125 0.0765625
4 0.22890625 0.36171875 0.0234375 0.09765625
5 0.71484375 0.56953125 0.02734375 0.11171875
5 0.3734375 0.5 0.0296875 0.11875
4 0.0578125 0.49453125 0.02578125 0.103125
5 0.153125 0.4296875 0.01796875 0.10546875
5 0.3 0.371875 0.0234375 0.09453125
4 0.28828125 0.4421875 0.02265625 0.1125
5 0.43671875 0.45625 0.03125 0.09375
4 0.459375 0.50078125 0.028125 0.0828125
0 0.4703125 0.2859375 0.0125 0.034375