5 0.2765625 0.759375 0.03203125 0.1296875
5 0.90859375 0.84375 0.03828125 0.13984375
2 0.8703125 0.41015625 0.02890625 0.09765625
4 0.76953125 0.5265625 0.021875 0.096875
5 0.64765625 0.58828125 0.03203125 0.121875
4 0.43203125 0.7625 0.02578125 0.121875
4 0.46328125 0.615625 0.0328125 0.09765625
4 0.33984375 0.46484375 0.02421875 0.0953125
5 0.0640625 0.58359375 0.028125 0.1171875
5 0.5046875 0.71875 0.02265625 0.1265625
5 0.4796875 0.3171875 0.0140625 0.0765625
0 0.85859375 0.44765625 0.00703125 0.01640625