4 0.60859375 0.4953125 0.03046875 0.12421875
4 0.4703125 0.8671875 0.034375 0.15078125
4 0.11328125 0.446875 0.0296875 0.1046875
5 0.76875 0.93671875 0.0375 0.1265625
5 0.0265625 0.81015625 0.03984375 0.16171875
4 0.38203125 0.384375 0.02109375 0.0828125
5 0.42109375 0.43828125 0.025 0.10625
4 0.484375 0.4328125 0.04296875 0.09609375
5 0.3125 0.59296875 0.0234375 0.121875
4 0.46640625 0.6640625 0.03046875 0.13203125
5 0.35625 0.5390625 0.03515625 0.12421875
5 0.30234375 0.31796875 0.02265625 0.096875
5 0.56015625 0.48515625 0.02421875 0.11484375
0 0.27265625 0.32890625 0.00859375 0.01171875
2 0.72734375 0.446875 0.0203125 0.11171875
2 0.35078125 0.47265625 0.02109375 0.08203125