4 0.56953125 0.62421875 0.03125 0.12109375
4 0.14921875 0.68828125 0.03984375 0.13828125
4 0.37578125 0.49296875 0.028125 0.11484375
4 0.13671875 0.40625 0.025 0.109375
5 0.02734375 0.671875 0.03671875 0.14140625
5 0.4421875 0.50859375 0.0265625 0.1171875
4 0.5375 0.5265625 0.02890625 0.11640625
5 0.31484375 0.58203125 0.03046875 0.13359375
4 0.528125 0.43359375 0.03046875 0.07890625
4 0.03125 0.6125 0.028125 0.06328125
4 0.4171875 0.44765625 0.01796875 0.10546875
2 0.56484375 0.4828125 0.02265625 0.10234375
5 0.39140625 0.43515625 0.02421875 0.103125