5 0.33046875 0.3875 0.0203125 0.084375
5 0.54296875 0.5484375 0.025 0.109375
4 0.02734375 0.5453125 0.025 0.115625
4 0.5953125 0.56875 0.02421875 0.10703125
4 0.4953125 0.546875 0.0390625 0.1140625
4 0.61484375 0.60546875 0.02578125 0.12890625
5 0.61953125 0.4796875 0.015625 0.11015625
5 0.4453125 0.34375 0.0203125 0.090625
4 0.06953125 0.33515625 0.0171875 0.090625
5 0.634375 0.5734375 0.0296875 0.11640625
2 0.78828125 0.47578125 0.01953125 0.1171875
4 0.5828125 0.48359375 0.01796875 0.09375
4 0.525 0.5453125 0.01484375 0.115625
5 0.67109375 0.50703125 0.025 0.11484375
5 0.6671875 0.425 0.0109375 0.05
5 0.690625 0.49296875 0.01328125 0.103125
4 0.6796875 0.4546875 0.01953125 0.05390625
0 0.3203125 0.28125 0.00859375 0.01640625
4 0.26484375 0.25234375 0.02109375 0.06328125