4 0.41953125 0.75625 0.02734375 0.11328125
4 0.78203125 0.515625 0.0203125 0.09609375
4 0.4703125 0.6140625 0.0421875 0.08671875
5 0.64609375 0.59453125 0.03359375 0.12265625
5 0.49609375 0.7171875 0.02578125 0.1296875
2 0.86796875 0.41328125 0.03515625 0.10625
5 0.91171875 0.84765625 0.0390625 0.1421875
5 0.2625 0.7625 0.03203125 0.13359375
5 0.47890625 0.31171875 0.015625 0.075
4 0.34453125 0.45234375 0.01953125 0.09453125
5 0.04453125 0.5828125 0.02421875 0.1015625
0 0.85390625 0.42578125 0.01328125 0.02109375