5 0.0953125 0.78515625 0.04921875 0.15
4 0.2125 0.4265625 0.0296875 0.10234375
5 0.41796875 0.52890625 0.025 0.1140625
4 0.5734375 0.62890625 0.0296875 0.11953125
4 0.36796875 0.34765625 0.028125 0.08046875
5 0.59765625 0.4953125 0.04296875 0.11875
5 0.7765625 0.853125 0.034375 0.14765625
4 0.53828125 0.83515625 0.03125 0.1578125
4 0.36796875 0.5765625 0.03515625 0.12109375
4 0.65078125 0.49296875 0.0265625 0.1234375
5 0.2875 0.3109375 0.01875 0.06640625
2 0.7515625 0.4484375 0.0234375 0.11953125
4 0.49296875 0.43203125 0.02578125 0.103125
5 0.46015625 0.44765625 0.03203125 0.1078125
0 0.26015625 0.35546875 0.0078125 0.0109375
4 0.4125 0.453125 0.02421875 0.08203125