5 0.4359375 0.34609375 0.02109375 0.0859375
5 0.3390625 0.39453125 0.021875 0.08515625
5 0.484375 0.5421875 0.02734375 0.11171875
4 0.52734375 0.55234375 0.03671875 0.1078125
4 0.57734375 0.490625 0.02578125 0.09921875
5 0.61953125 0.478125 0.0265625 0.06953125
4 0.62890625 0.55703125 0.0171875 0.1171875
4 0.05625 0.3484375 0.01796875 0.08515625
4 0.6828125 0.5015625 0.01484375 0.0953125
5 0.6640625 0.50859375 0.028125 0.1140625
4 0.61328125 0.61171875 0.03203125 0.11875
2 0.784375 0.4703125 0.01875 0.121875
4 0.50546875 0.50078125 0.015625 0.0859375
5 0.64453125 0.57578125 0.01953125 0.11171875
5 0.65703125 0.45234375 0.01640625 0.10390625
5 0.69609375 0.50703125 0.01328125 0.09453125
4 0.3 0.26015625 0.0203125 0.07265625
0 0.31640625 0.284375 0.01015625 0.025
5 0.61015625 0.540625 0.01953125 0.0671875