2 0.64453125 0.41875 0.03515625 0.0859375
5 0.26015625 0.7328125 0.03671875 0.14609375
5 0.9609375 0.63046875 0.0328125 0.12265625
4 0.36796875 0.5796875 0.028125 0.12109375
5 0.74296875 0.49140625 0.03046875 0.11875
5 0.5765625 0.45625 0.03671875 0.08515625
5 0.0453125 0.36171875 0.03203125 0.096875
5 0.5390625 0.52421875 0.02734375 0.10703125
4 0.46328125 0.4296875 0.0234375 0.0875
4 0.5171875 0.50703125 0.02890625 0.1125
5 0.11875 0.47734375 0.02890625 0.0953125
0 0.53203125 0.5421875 0.009375 0.01328125