5 0.5828125 0.78515625 0.03359375 0.1421875
5 0.16171875 0.7359375 0.04140625 0.14453125
5 0.203125 0.31015625 0.02109375 0.08984375
2 0.70625 0.44453125 0.02265625 0.103125
4 0.7046875 0.57890625 0.03203125 0.1140625
4 0.40625 0.44609375 0.03828125 0.1125
5 0.80859375 0.6984375 0.03515625 0.13671875
5 0.6734375 0.49375 0.040625 0.12578125
5 0.4265625 0.5453125 0.0265625 0.11015625
5 0.4765625 0.42421875 0.02890625 0.0984375
4 0.5140625 0.4234375 0.0328125 0.0859375
5 0.53359375 0.48125 0.0296875 0.09921875
4 0.2453125 0.39765625 0.028125 0.1078125
0 0.34921875 0.26953125 0.01171875 0.01953125
4 0.2328125 0.31640625 0.021875 0.10625
4 0.659375 0.45390625 0.021875 0.06171875