4 0.0859375 0.8109375 0.046875 0.15390625
4 0.67265625 0.5859375 0.03984375 0.128125
4 0.76875 0.490625 0.0515625 0.10859375
4 0.71171875 0.75703125 0.034375 0.15703125
4 0.403125 0.34609375 0.02578125 0.10703125
5 0.840625 0.78125 0.0359375 0.13828125
5 0.79765625 0.4875 0.03984375 0.11796875
2 0.803125 0.153125 0.03046875 0.103125
5 0.53671875 0.6296875 0.03359375 0.109375
5 0.48671875 0.3234375 0.02578125 0.11484375
5 0.53359375 0.26484375 0.0328125 0.0890625
5 0.51640625 0.2046875 0.02265625 0.10234375
4 0.1421875 0.128125 0.03046875 0.04453125
4 0.40625 0.15859375 0.02578125 0.096875
5 0.3734375 0.15234375 0.03203125 0.08203125
5 0.31484375 0.5984375 0.01953125 0.15625
5 0.45859375 0.16953125 0.021875 0.1046875
4 0.4359375 0.2046875 0.0296875 0.1046875
0 0.6734375 0.61171875 0.00703125 0.021875