5 0.26015625 0.4625 0.0390625 0.09609375
4 0.54296875 0.4640625 0.03203125 0.109375
4 0.26171875 0.3203125 0.025 0.09765625
4 0.65546875 0.71171875 0.03671875 0.1296875
4 0.4234375 0.41015625 0.02578125 0.08203125
5 0.05234375 0.39765625 0.02734375 0.10546875
4 0.3625 0.3921875 0.0265625 0.084375
5 0.5796875 0.4296875 0.0265625 0.10234375
5 0.4984375 0.38984375 0.028125 0.0828125
5 0.17265625 0.3515625 0.0234375 0.09375
5 0.32265625 0.3984375 0.0109375 0.11640625
2 0.57890625 0.35234375 0.0265625 0.07421875
5 0.32734375 0.32734375 0.0234375 0.0515625
0 0.25390625 0.36015625 0.00859375 0.01953125
5 0.3140625 0.371875 0.01171875 0.09140625