3 0.62421875 0.56953125 0.0109375 0.040625
5 0.715625 0.46171875 0.0078125 0.0359375
5 0.3515625 0.43046875 0.00625 0.034375
5 0.63203125 0.60625 0.0109375 0.0515625
5 0.61875 0.4078125 0.00625 0.03125
2 0.859375 0.5 0.009375 0.040625
4 0.721875 0.4765625 0.009375 0.040625
5 0.6890625 0.65 0.0203125 0.0515625
5 0.8359375 0.5125 0.009375 0.040625
4 0.315625 0.4828125 0.009375 0.04375
5 0.5671875 0.50546875 0.009375 0.04375
5 0.9203125 0.596875 0.009375 0.053125
4 0.3953125 0.4328125 0.009375 0.0359375
4 0.60625 0.4671875 0.009375 0.040625
4 0.5015625 0.51953125 0.009375 0.040625
5 0.6125 0.590625 0.0171875 0.05
5 0.8125 0.73984375 0.0140625 0.065625
4 0.3265625 0.5984375 0.0125 0.0515625
4 0.6890625 0.54921875 0.0109375 0.04375
4 0.7625 0.625 0.0125 0.0515625
3 0.278125 0.9453125 0.0234375 0.0796875
4 0.54609375 0.5921875 0.0125 0.053125
4 0.540625 0.7171875 0.0203125 0.0609375
0 0.85 0.5125 0.0046875 0.0078125
3 0.6796875 0.36484375 0.00625 0.0296875
1 0.778125 0.3578125 0.0109375 0.0375