5 0.39375 0.3921875 0.00625 0.025
5 0.2203125 0.496875 0.0140625 0.0453125
2 0.1421875 0.490625 0.0109375 0.0421875
5 0.6640625 0.42265625 0.0078125 0.0328125
5 0.2671875 0.4421875 0.0078125 0.0359375
4 0.63359375 0.421875 0.00625 0.034375
4 0.5046875 0.4921875 0.0078125 0.0390625
4 0.5 0.565625 0.009375 0.046875
4 0.7 0.5578125 0.009375 0.0484375
5 0.0640625 0.6 0.0109375 0.0515625
3 0.484375 0.5140625 0.0109375 0.0421875
4 0.28984375 0.521875 0.0109375 0.04375
5 0.44375 0.6078125 0.009375 0.0484375
4 0.39375 0.43125 0.0078125 0.0359375
5 0.3546875 0.6140625 0.009375 0.05
5 0.4609375 0.46484375 0.00625 0.0390625
5 0.471875 0.5671875 0.0140625 0.05
4 0.68125 0.4703125 0.009375 0.040625
4 0.2421875 0.603125 0.0109375 0.0484375
5 0.1703125 0.7796875 0.021875 0.065625
4 0.4921875 0.71875 0.0140625 0.0625
3 0.759375 0.95 0.025 0.08125
0 0.14609375 0.5078125 0.0046875 0.00625
4 0.22265625 0.475 0.0125 0.0375
3 0.3203125 0.36796875 0.009375 0.0234375
1 0.2234375 0.36640625 0.0109375 0.0296875