5 0.321875 0.4625 0.009375 0.0390625
5 0.1390625 0.565625 0.0078125 0.0421875
5 0.13984375 0.525 0.009375 0.040625
5 0.375 0.42578125 0.0078125 0.0359375
2 0.096875 0.5265625 0.0125 0.04375
5 0.3546875 0.61328125 0.0203125 0.0296875
4 0.2859375 0.4671875 0.009375 0.0390625
4 0.284375 0.5609375 0.0109375 0.04375
5 0.640625 0.4375 0.009375 0.0359375
5 0.4234375 0.5328125 0.0125 0.04375
5 0.3078125 0.590625 0.0125 0.0453125
4 0.671875 0.48125 0.009375 0.04375
5 0.1796875 0.690625 0.0125 0.0546875
4 0.578125 0.4375 0.0125 0.0359375
5 0.26640625 0.6625 0.0140625 0.0515625
3 0.296875 0.6109375 0.0125 0.0515625
4 0.6546875 0.628125 0.0109375 0.0578125
4 0.5015625 0.5375 0.009375 0.046875
4 0.3734375 0.525 0.0109375 0.0484375
4 0.38359375 0.6171875 0.0140625 0.053125
4 0.1890625 0.63671875 0.0140625 0.05
4 0.3109375 0.71484375 0.015625 0.05625
3 0.70859375 0.928125 0.01875 0.0796875
3 0.3375 0.3578125 0.00625 0.0296875
0 0.1171875 0.5421875 0.00625 0.0125
1 0.23203125 0.3578125 0.009375 0.025