5 0.78125 0.3796875 0.021875 0.0546875
5 0.36953125 0.171875 0.009375 0.0375
2 0.9265625 0.31875 0.0109375 0.0484375
5 0.61875 0.2453125 0.0109375 0.0484375
5 0.7453125 0.4203125 0.015625 0.0546875
3 0.51875 0.38828125 0.0109375 0.05625
3 0.0859375 0.90078125 0.025 0.1046875
4 0.571875 0.24921875 0.0109375 0.04375
5 0.8921875 0.61171875 0.01875 0.0734375
5 0.15703125 0.3125 0.0109375 0.053125
4 0.10625 0.36796875 0.0109375 0.0625
5 0.5125 0.28984375 0.015625 0.0484375
4 0.8046875 0.325 0.0171875 0.05
4 0.778125 0.41796875 0.0203125 0.053125
4 0.7546875 0.4375 0.0140625 0.0609375
4 0.1265625 0.27421875 0.0109375 0.0484375
5 0.3703125 0.39765625 0.015625 0.059375
5 0.6046875 0.5640625 0.0140625 0.0671875
4 0.809375 0.58984375 0.0265625 0.0671875
4 0.2140625 0.55625 0.015625 0.0796875
4 0.3421875 0.36875 0.0109375 0.0609375
5 0.27265625 0.540625 0.01875 0.075
4 0.53671875 0.5265625 0.0234375 0.0625
3 0.5078125 0.12890625 0.009375 0.03125
0 0.75078125 0.39765625 0.0046875 0.009375
1 0.63359375 0.1125 0.0140625 0.034375