5 0.65 0.371875 0.0109375 0.0359375
5 0.303125 0.4015625 0.009375 0.0359375
2 0.81171875 0.3625 0.009375 0.034375
5 0.34453125 0.32734375 0.0078125 0.0328125
4 0.253125 0.41171875 0.0109375 0.040625
4 0.79375 0.371875 0.0109375 0.034375
5 0.259375 0.4453125 0.009375 0.046875
5 0.50234375 0.40078125 0.009375 0.034375
4 0.3984375 0.36875 0.0078125 0.0328125
4 0.6421875 0.371875 0.009375 0.0375
5 0.484375 0.4703125 0.0125 0.04375
5 0.6828125 0.4515625 0.009375 0.0453125
5 0.5328125 0.74453125 0.0140625 0.0703125
3 0.50546875 0.43125 0.0109375 0.04375
4 0.38125 0.478125 0.009375 0.0453125
4 0.2859375 0.365625 0.0109375 0.0359375
4 0.471875 0.4046875 0.0125 0.0375
5 0.84375 0.5703125 0.015625 0.0578125
4 0.2359375 0.5 0.0140625 0.053125
4 0.784375 0.5828125 0.0125 0.0546875
5 0.28125 0.6125 0.0140625 0.059375
4 0.3484375 0.653125 0.0171875 0.0640625
0 0.728125 0.3140625 0.0078125 0.0140625
3 0.246875 0.31640625 0.009375 0.0328125
1 0.7234375 0.26640625 0.00625 0.0359375