4 0.5140625 0.284375 0.0125 0.053125
5 0.18046875 0.278125 0.009375 0.05
5 0.39765625 0.18671875 0.0109375 0.0390625
5 0.65625 0.25 0.0109375 0.0484375
5 0.640625 0.4265625 0.0140625 0.059375
4 0.5046875 0.2953125 0.021875 0.0375
2 0.93125 0.30234375 0.015625 0.0484375
4 0.209375 0.2515625 0.0109375 0.0484375
4 0.7328125 0.315625 0.0109375 0.0515625
5 0.61328125 0.325 0.0140625 0.053125
4 0.634375 0.37578125 0.0171875 0.05
4 0.4359375 0.4421875 0.0140625 0.0703125
4 0.16875 0.296875 0.0125 0.05
5 0.7546875 0.6203125 0.028125 0.071875
3 0.509375 0.40078125 0.015625 0.05625
5 0.41640625 0.359375 0.0125 0.0546875
3 0.1328125 0.871875 0.0359375 0.096875
5 0.5921875 0.525 0.025 0.065625
4 0.69140625 0.4453125 0.025 0.0640625
4 0.625 0.6078125 0.0375 0.0734375
4 0.1984375 0.471875 0.01875 0.071875
5 0.2328125 0.49375 0.01875 0.0671875
3 0.54140625 0.1296875 0.0109375 0.034375
0 0.534375 0.3171875 0.00625 0.0125
5 0.5125 0.2953125 0.0109375 0.04375
1 0.71015625 0.1140625 0.0140625 0.046875