3 0.6890625 0.31484375 0.0078125 0.025
0 0.06875 0.7609375 0.0109375 0.015625
5 0.4421875 0.3671875 0.0078125 0.034375
5 0.6015625 0.4046875 0.009375 0.0359375
4 0.4875 0.3671875 0.0078125 0.03125
5 0.1078125 0.78125 0.0203125 0.0484375
4 0.5125 0.4828125 0.0125 0.04375
5 0.47421875 0.47578125 0.0125 0.04375
5 0.815625 0.6671875 0.01875 0.0546875
5 0.275 0.4578125 0.0171875 0.04375
5 0.578125 0.80546875 0.0140625 0.0640625
3 0.48671875 0.5234375 0.0140625 0.046875
4 0.5828125 0.359375 0.0078125 0.0359375
4 0.6984375 0.4125 0.0109375 0.0375
3 0.075 0.825 0.03125 0.075
4 0.2921875 0.525 0.0140625 0.04375
4 0.334375 0.4234375 0.0140625 0.04375
5 0.7296875 0.490625 0.0140625 0.046875
4 0.740625 0.740625 0.0125 0.0609375
4 0.6921875 0.609375 0.015625 0.053125
4 0.1296875 0.7734375 0.025 0.075
4 0.821875 0.625 0.015625 0.059375
5 0.1921875 0.5875 0.0140625 0.0515625
5 0.559375 0.61328125 0.0203125 0.0546875
1 0.1140625 0.28359375 0.00625 0.0453125
1 0.975 0.31953125 0.0046875 0.04375