5 0.4859375 0.284375 0.0125 0.053125
4 0.81953125 0.278125 0.0109375 0.05
4 0.60234375 0.18671875 0.0109375 0.0390625
4 0.34375 0.25 0.0109375 0.0484375
4 0.359375 0.4265625 0.0140625 0.059375
5 0.4953125 0.2953125 0.0234375 0.0375
2 0.06875 0.30234375 0.015625 0.0484375
5 0.790625 0.2515625 0.0109375 0.0484375
5 0.2671875 0.315625 0.0125 0.0515625
4 0.38671875 0.325 0.0140625 0.053125
5 0.365625 0.37578125 0.0171875 0.05
5 0.5640625 0.4421875 0.0140625 0.0703125
5 0.83125 0.296875 0.0125 0.05
4 0.2453125 0.6203125 0.0296875 0.071875
3 0.490625 0.40078125 0.015625 0.05625
4 0.58359375 0.359375 0.0125 0.0546875
3 0.8671875 0.871875 0.0359375 0.096875
4 0.4078125 0.525 0.0234375 0.065625
5 0.30859375 0.4453125 0.025 0.0640625
5 0.375 0.6078125 0.0375 0.0734375
5 0.8046875 0.471875 0.01875 0.071875
4 0.7671875 0.49375 0.01875 0.0671875
3 0.45859375 0.1296875 0.0109375 0.034375
0 0.465625 0.3171875 0.00625 0.0125
4 0.4875 0.2953125 0.0125 0.04375
1 0.29140625 0.12421875 0.00625 0.0203125