2 0.15703125 0.45 0.009375 0.0390625
5 0.0703125 0.51796875 0.0140625 0.0421875
5 0.3984375 0.371875 0.0078125 0.034375
5 0.6671875 0.3203125 0.00625 0.025
4 0.4328125 0.375 0.0078125 0.0359375
5 0.7609375 0.4296875 0.009375 0.0359375
5 0.3328125 0.4921875 0.0078125 0.046875
4 0.7640625 0.38671875 0.009375 0.034375
4 0.25390625 0.459375 0.009375 0.040625
4 0.15390625 0.50234375 0.009375 0.034375
5 0.7234375 0.46796875 0.0109375 0.034375
5 0.5171875 0.43125 0.009375 0.040625
4 0.375 0.5078125 0.0109375 0.046875
5 0.4453125 0.5109375 0.0125 0.0453125
5 0.7234375 0.6390625 0.0125 0.0578125
4 0.775 0.46953125 0.015625 0.040625
4 0.58125 0.43671875 0.0125 0.0390625
4 0.396875 0.66875 0.0109375 0.0609375
5 0.371875 0.68515625 0.0140625 0.0640625
4 0.653125 0.5828125 0.009375 0.053125
3 0.79375 0.84375 0.01875 0.075
3 0.55625 0.4828125 0.0125 0.046875
4 0.76875 0.6375 0.0109375 0.0578125
3 0.4296875 0.275 0.0078125 0.028125
1 0.4015625 0.26484375 0.0140625 0.04375