5 0.6484375 0.3078125 0.0078125 0.028125
2 0.1453125 0.425 0.0140625 0.040625
5 0.36875 0.365625 0.0078125 0.0359375
5 0.70625 0.4421875 0.0078125 0.040625
4 0.746875 0.375 0.0078125 0.0375
5 0.7390625 0.43046875 0.0109375 0.040625
5 0.1109375 0.603125 0.0234375 0.053125
5 0.3296875 0.73984375 0.0140625 0.065625
4 0.42578125 0.36953125 0.009375 0.0359375
3 0.6125 0.47265625 0.0109375 0.0484375
5 0.290625 0.484375 0.0125 0.05
4 0.18671875 0.6171875 0.01875 0.0484375
4 0.2421875 0.48515625 0.009375 0.046875
5 0.496875 0.409375 0.009375 0.040625
4 0.65625 0.4375 0.0140625 0.040625
5 0.396875 0.51796875 0.021875 0.0453125
4 0.7515625 0.4640625 0.0140625 0.0484375
5 0.6609375 0.640625 0.0140625 0.0640625
4 0.728125 0.6484375 0.0171875 0.065625
4 0.609375 0.5796875 0.015625 0.059375
4 0.4171875 0.51875 0.015625 0.0484375
4 0.353125 0.71328125 0.0203125 0.065625
3 0.7984375 0.8578125 0.025 0.078125
3 0.43984375 0.27421875 0.009375 0.0265625
0 0.096875 0.61875 0.00625 0.0109375
1 0.31953125 0.259375 0.0078125 0.034375