5 0.21875 0.3796875 0.021875 0.0546875
5 0.63046875 0.171875 0.009375 0.0375
2 0.0734375 0.31875 0.0109375 0.0484375
5 0.38125 0.2453125 0.0109375 0.0484375
5 0.2546875 0.4203125 0.015625 0.0546875
3 0.48125 0.38828125 0.0109375 0.05625
3 0.9140625 0.90078125 0.025 0.1046875
4 0.428125 0.24921875 0.0109375 0.04375
5 0.1078125 0.61171875 0.01875 0.0734375
5 0.84296875 0.3125 0.0109375 0.053125
4 0.89375 0.36796875 0.0109375 0.0625
5 0.4875 0.28984375 0.015625 0.0484375
4 0.1953125 0.325 0.0171875 0.05
4 0.221875 0.41796875 0.0203125 0.053125
4 0.2453125 0.4375 0.015625 0.0609375
4 0.8734375 0.27421875 0.0109375 0.0484375
5 0.6296875 0.39765625 0.015625 0.059375
5 0.3953125 0.5640625 0.015625 0.0671875
4 0.190625 0.58984375 0.0265625 0.0671875
4 0.7859375 0.55625 0.015625 0.0796875
4 0.6578125 0.36875 0.0109375 0.0609375
5 0.72734375 0.540625 0.01875 0.075
4 0.46328125 0.5265625 0.0234375 0.0625
3 0.4921875 0.12890625 0.009375 0.03125
0 0.24921875 0.39765625 0.00625 0.009375
1 0.3640625 0.10703125 0.0140625 0.046875