5 0.57734375 0.184375 0.015625 0.0375
5 0.54453125 0.28828125 0.0125 0.0421875
5 0.31640625 0.23125 0.0125 0.046875
4 0.4703125 0.2890625 0.0203125 0.046875
5 0.3765625 0.3578125 0.0140625 0.0546875
5 0.75625 0.2359375 0.0203125 0.040625
4 0.8140625 0.4140625 0.0203125 0.0703125
4 0.775 0.265625 0.0109375 0.053125
4 0.7109375 0.21875 0.009375 0.0453125
5 0.8 0.4296875 0.021875 0.0609375
4 0.275 0.34375 0.0125 0.0578125
4 0.4359375 0.2515625 0.0125 0.046875
5 0.415625 0.6203125 0.025 0.075
3 0.93515625 0.875 0.04375 0.1015625
4 0.565625 0.2828125 0.015625 0.046875
5 0.39765625 0.321875 0.0109375 0.0546875
4 0.4453125 0.371875 0.0140625 0.053125
3 0.48828125 0.36328125 0.0171875 0.059375
5 0.471875 0.44375 0.0171875 0.0609375
4 0.35625 0.39765625 0.015625 0.0609375
4 0.603125 0.553125 0.0296875 0.0703125
5 0.5484375 0.26328125 0.0109375 0.04375
0 0.5625 0.284375 0.00625 0.0078125
3 0.39609375 0.1375 0.009375 0.0328125
1 0.146875 0.1234375 0.0234375 0.059375