5 0.2796875 0.46796875 0.03203125 0.11484375
4 0.51640625 0.5546875 0.02421875 0.1234375
4 0.24140625 0.434375 0.02421875 0.09609375
5 0.709375 0.5046875 0.02578125 0.13046875
5 0.27578125 0.76328125 0.0359375 0.153125
5 0.96875 0.64765625 0.03359375 0.1390625
5 0.61953125 0.49609375 0.0265625 0.11875
4 0.43203125 0.55703125 0.025 0.1140625
5 0.41484375 0.453125 0.02734375 0.115625
5 0.36171875 0.39609375 0.025 0.10625
5 0.64921875 0.5234375 0.03046875 0.1
2 0.63828125 0.46953125 0.02578125 0.059375
0 0.746875 0.43203125 0.0125 0.0234375