5 0.371875 0.83828125 0.0390625 0.1765625
5 0.4859375 0.6296875 0.0359375 0.15859375
4 0.46015625 0.459375 0.034375 0.13828125
4 0.03515625 0.3921875 0.02890625 0.13203125
5 0.015625 0.7265625 0.03046875 0.18125
5 0.26875 0.35234375 0.0234375 0.12578125
4 0.34921875 0.36796875 0.02421875 0.134375
2 0.64140625 0.46484375 0.090625 0.053125
4 0.70078125 0.47734375 0.02109375 0.12578125
5 0.66484375 0.50703125 0.07265625 0.0421875
4 0.3296875 0.5203125 0.0328125 0.13828125
4 0.2921875 0.42734375 0.015625 0.15703125
5 0.31171875 0.44375 0.0125 0.1375