5 0.08203125 0.49375 0.05078125 0.1078125
5 0.684375 0.9375 0.0515625 0.125
4 0.38046875 0.58125 0.040625 0.11953125
4 0.459375 0.45390625 0.04140625 0.10234375
4 0.15234375 0.403125 0.0484375 0.08828125
5 0.6265625 0.6359375 0.03203125 0.11796875
5 0.25703125 0.3734375 0.0296875 0.096875
4 0.31171875 0.39296875 0.02734375 0.07890625
4 0.2640625 0.44140625 0.03828125 0.09765625
4 0.66875 0.60390625 0.02421875 0.11484375
5 0.325 0.43046875 0.028125 0.09765625
4 0.66484375 0.68984375 0.03515625 0.1234375
0 0.2765625 0.42421875 0.00703125 0.0140625