5 0.33515625 0.2765625 0.02734375 0.084375
4 0.44453125 0.32421875 0.025 0.096875
4 0.23203125 0.309375 0.0359375 0.0984375
5 0.6578125 0.42890625 0.03984375 0.090625
4 0.60625 0.41875 0.02578125 0.0875
5 0.3765625 0.35546875 0.02734375 0.07734375
5 0.27265625 0.35390625 0.02421875 0.0890625
4 0.590625 0.35546875 0.03203125 0.0859375
5 0.69921875 0.54765625 0.0296875 0.10859375
5 0.01015625 0.853125 0.01953125 0.1640625
5 0.11640625 0.36171875 0.03359375 0.090625
4 0.6484375 0.53671875 0.025 0.11875
4 0.1125 0.44453125 0.04453125 0.1203125
0 0.53828125 0.41484375 0.01328125 0.03203125