5 0.19453125 0.546875 0.02109375 0.1140625
4 0.8984375 0.79453125 0.03125 0.13984375
4 0.68125 0.54296875 0.0234375 0.09375
4 0.44375 0.62734375 0.02734375 0.11640625
2 0.9 0.29921875 0.02421875 0.07890625
4 0.50390625 0.3078125 0.01875 0.08515625
4 0.02734375 0.6875 0.03125 0.1296875
5 0.5671875 0.7078125 0.02734375 0.1265625
4 0.34609375 0.4859375 0.0265625 0.10078125
5 0.38046875 0.7015625 0.0265625 0.1265625
4 0.4734375 0.74453125 0.0234375 0.11953125
0 0.87578125 0.475 0.00859375 0.015625
5 0.69375 0.52421875 0.0203125 0.121875