4 0.34296875 0.48125 0.01953125 0.0890625
5 0.15234375 0.57109375 0.0234375 0.1109375
5 0.34921875 0.7234375 0.02734375 0.12734375
5 0.89921875 0.815625 0.03203125 0.140625
2 0.884375 0.33203125 0.021875 0.09140625
0 0.8671875 0.49921875 0.015625 0.025
4 0.71328125 0.55546875 0.02265625 0.0984375
5 0.55 0.715625 0.025 0.13125
5 0.49453125 0.31015625 0.0203125 0.07578125
4 0.46640625 0.75625 0.025 0.121875
4 0.45 0.62265625 0.025 0.10625
5 0.68046875 0.54609375 0.021875 0.1234375
4 0.00859375 0.690625 0.01640625 0.13359375