2 0.865625 0.40859375 0.03203125 0.10078125
4 0.4578125 0.6203125 0.0265625 0.09921875
4 0.75859375 0.54296875 0.02109375 0.09609375
5 0.9046875 0.84140625 0.034375 0.134375
5 0.65859375 0.584375 0.02578125 0.1171875
4 0.446875 0.7703125 0.02265625 0.12265625
5 0.3 0.75625 0.034375 0.13203125
4 0.34453125 0.478125 0.0203125 0.0984375
5 0.48359375 0.3234375 0.01953125 0.078125
5 0.08984375 0.58984375 0.02578125 0.10859375
5 0.52109375 0.72578125 0.02109375 0.134375
0 0.86171875 0.44765625 0.0125 0.025