5 0.17265625 0.35 0.053125 0.09140625
5 0.9390625 0.33046875 0.03828125 0.12734375
5 0.44453125 0.34765625 0.03203125 0.09921875
5 0.76875 0.03046875 0.025 0.06015625
4 0.72265625 0.43515625 0.0359375 0.12734375
4 0.490625 0.19765625 0.02578125 0.10859375
4 0.3515625 0.08125 0.02109375 0.09140625
5 0.6546875 0.4125 0.0390625 0.11015625
4 0.6171875 0.3921875 0.03125 0.1
4 0.30078125 0.41875 0.0328125 0.11953125
4 0.51484375 0.43203125 0.0265625 0.1203125
5 0.70390625 0.1921875 0.0296875 0.08359375
5 0.03515625 0.06328125 0.0265625 0.09453125
4 0.915625 0.32265625 0.025 0.1140625
4 0.6953125 0.26796875 0.0234375 0.10390625
0 0.425 0.39296875 0.01171875 0.015625
2 0.42734375 0.759375 0.0546875 0.1546875