5 0.159375 0.56875 0.028125 0.1109375
2 0.890625 0.325 0.0234375 0.0890625
5 0.8984375 0.809375 0.03671875 0.13515625
4 0.3421875 0.4859375 0.0234375 0.09921875
5 0.35234375 0.71953125 0.03359375 0.1328125
5 0.5546875 0.715625 0.0265625 0.1296875
4 0.4671875 0.75625 0.02734375 0.128125
5 0.496875 0.3078125 0.01953125 0.07890625
4 0.44921875 0.628125 0.0234375 0.11484375
4 0.709375 0.5515625 0.0265625 0.1046875
4 0.01171875 0.6890625 0.021875 0.1328125
5 0.68515625 0.5421875 0.025 0.12578125
0 0.86953125 0.528125 0.00859375 0.01484375