5 0.80234375 0.78046875 0.04609375 0.1296875
4 0.75625 0.6109375 0.04140625 0.08671875
5 0.20078125 0.71875 0.03359375 0.13203125
4 0.7265625 0.5453125 0.0359375 0.1015625
5 0.40703125 0.478125 0.0453125 0.1140625
2 0.815625 0.50234375 0.0359375 0.1015625
4 0.3734375 0.459375 0.02265625 0.09453125
5 0.77890625 0.571875 0.040625 0.09609375
5 0.284375 0.5234375 0.025 0.10546875
4 0.58046875 0.4875 0.03671875 0.12109375
4 0.446875 0.4046875 0.021875 0.0875
5 0.40625 0.37734375 0.0203125 0.07265625
4 0.49921875 0.41484375 0.02265625 0.08671875
4 0.52734375 0.546875 0.028125 0.10625
0 0.5296875 0.4140625 0.01015625 0.01484375