5 0.6796875 0.7703125 0.02890625 0.1140625
5 0.38984375 0.57734375 0.03046875 0.109375
4 0.440625 0.45234375 0.0203125 0.06953125
4 0.2625 0.653125 0.02734375 0.109375
5 0.30078125 0.30546875 0.0234375 0.07734375
5 0.03515625 0.43984375 0.0265625 0.08828125
2 0.84296875 0.309375 0.03359375 0.0703125
5 0.51640625 0.4015625 0.02265625 0.08125
4 0.440625 0.33984375 0.01953125 0.08828125
4 0.70703125 0.59609375 0.02890625 0.0515625
4 0.6546875 0.484375 0.025 0.09453125
4 0.625 0.45390625 0.0296875 0.08515625
4 0.73671875 0.5703125 0.03515625 0.10078125
5 0.73984375 0.51484375 0.0375 0.07734375
4 0.7109375 0.671875 0.02421875 0.1125
0 0.4078125 0.6109375 0.00859375 0.021875