5 0.33671875 0.7296875 0.03359375 0.13359375
0 0.865625 0.46328125 0.01171875 0.0359375
4 0.88203125 0.34921875 0.021875 0.09453125
4 0.4515625 0.6296875 0.02421875 0.10859375
4 0.3453125 0.48984375 0.01953125 0.10234375
5 0.1359375 0.575 0.02265625 0.109375
5 0.89921875 0.828125 0.034375 0.14140625
4 0.72734375 0.5640625 0.02734375 0.1015625
4 0.4640625 0.76640625 0.02734375 0.1265625
5 0.54375 0.7171875 0.02734375 0.1390625
5 0.48828125 0.3140625 0.0171875 0.06484375
5 0.6765625 0.5625 0.0203125 0.12734375