0 0.78828125 0.665625 0.015625 0.034375
4 0.67578125 0.53671875 0.03359375 0.1015625
5 0.765625 0.58203125 0.02734375 0.12109375
5 0.246875 0.6859375 0.025 0.13046875
4 0.7125 0.6234375 0.0296875 0.12265625
4 0.41953125 0.38125 0.0203125 0.0828125
5 0.3109375 0.3328125 0.021875 0.09140625
2 0.8140625 0.50859375 0.04140625 0.1
5 0.221875 0.52734375 0.025 0.11953125
5 0.80703125 0.66640625 0.040625 0.12421875
5 0.42734375 0.46796875 0.04375 0.10546875
4 0.3515625 0.45 0.028125 0.0984375
4 0.6203125 0.5484375 0.02734375 0.12421875
4 0.55390625 0.403125 0.025 0.0890625
4 0.55234375 0.47890625 0.04453125 0.1140625