5 0.9046875 0.8375 0.034375 0.12890625
5 0.30546875 0.75390625 0.03046875 0.12265625
2 0.865625 0.40234375 0.03203125 0.0953125
5 0.096875 0.59140625 0.0265625 0.1078125
4 0.45078125 0.76796875 0.02578125 0.11953125
4 0.34375 0.48046875 0.01953125 0.09296875
0 0.86328125 0.44453125 0.01015625 0.021875
5 0.6609375 0.58203125 0.0234375 0.12109375
5 0.4828125 0.321875 0.0171875 0.07265625
5 0.5234375 0.7265625 0.02265625 0.13125
4 0.45234375 0.621875 0.0234375 0.10546875
4 0.7546875 0.55 0.01953125 0.10625