4 0.52578125 0.53203125 0.0484375 0.0671875
4 0.04453125 0.5203125 0.03203125 0.1046875
5 0.24375 0.90078125 0.034375 0.15390625
4 0.60078125 0.5140625 0.04453125 0.08515625
2 0.66484375 0.45625 0.03671875 0.090625
4 0.403125 0.603125 0.028125 0.1265625
5 0.4453125 0.43828125 0.028125 0.09609375
5 0.3875 0.4234375 0.021875 0.10078125
4 0.4859375 0.43984375 0.03046875 0.08515625
4 0.54609375 0.45390625 0.0359375 0.09140625
0 0.60625 0.4078125 0.009375 0.02578125
5 0.55703125 0.52578125 0.02265625 0.09765625