5 0.36796875 0.409375 0.0140625 0.0484375
5 0.25 0.33125 0.01484375 0.0453125
5 0.5203125 0.63515625 0.028125 0.07109375
4 0.2140625 0.29921875 0.01171875 0.0421875
4 0.66171875 0.4375 0.0171875 0.05625
5 0.48984375 0.515625 0.01796875 0.0859375
4 0.59921875 0.65625 0.025 0.06015625
5 0.28203125 0.27734375 0.01640625 0.0484375
5 0.603125 0.45546875 0.01875 0.0390625
5 0.81015625 0.36640625 0.01484375 0.053125
4 0.6078125 0.30859375 0.0140625 0.046875
4 0.41015625 0.38359375 0.0171875 0.0609375
5 0.8390625 0.4734375 0.015625 0.0640625
5 0.49140625 0.4375 0.015625 0.05546875
5 0.3890625 0.38359375 0.01328125 0.053125
5 0.68671875 0.34296875 0.01328125 0.04296875
4 0.353125 0.2734375 0.0125 0.04296875
0 0.7953125 0.390625 0.00703125 0.02109375
4 0.60234375 0.5 0.01796875 0.05625
4 0.4640625 0.253125 0.0125 0.0390625