4 0.11640625 0.4890625 0.04765625 0.1
5 0.37578125 0.40234375 0.02421875 0.09609375
4 0.9171875 0.97265625 0.04609375 0.05390625
5 0.27890625 0.45234375 0.0359375 0.10390625
4 0.67421875 0.6171875 0.03046875 0.1359375
4 0.55234375 0.6828125 0.03203125 0.1328125
5 0.515625 0.50390625 0.02578125 0.10703125
5 0.578125 0.64296875 0.02734375 0.10703125
4 0.3125 0.49375 0.03984375 0.10546875
5 0.5453125 0.57265625 0.021875 0.109375
5 0.7671875 0.62578125 0.021875 0.121875
5 0.75625 0.596875 0.01484375 0.11875
2 0.95 0.51015625 0.0265625 0.1265625
5 0.1765625 0.35390625 0.01640625 0.07734375
4 0.165625 0.32578125 0.02265625 0.0890625