5 0.71328125 0.6625 0.02578125 0.11328125
4 0.4 0.34375 0.02421875 0.08984375
4 0.534375 0.4734375 0.03984375 0.10078125
2 0.809375 0.34140625 0.02265625 0.0828125
5 0.31796875 0.38984375 0.01796875 0.08125
4 0.6671875 0.55078125 0.02890625 0.10390625
5 0.240625 0.275 0.028125 0.07578125
5 0.61953125 0.46328125 0.02265625 0.07734375
4 0.26796875 0.38046875 0.028125 0.1
5 0.478125 0.44765625 0.0296875 0.09375
4 0.5953125 0.5015625 0.03125 0.0953125
4 0.3546875 0.4921875 0.025 0.10390625
4 0.3078125 0.44453125 0.0265625 0.096875
0 0.32109375 0.34609375 0.0109375 0.02109375
4 0.4875 0.4046875 0.0140625 0.071875
5 0.5015625 0.40546875 0.0109375 0.07734375