5 0.78984375 0.63125 0.03671875 0.08515625
2 0.67109375 0.41484375 0.025 0.07265625
4 0.66015625 0.61328125 0.034375 0.08828125
4 0.10859375 0.3734375 0.028125 0.05859375
4 0.396875 0.50703125 0.0265625 0.071875
4 0.16640625 0.40703125 0.0328125 0.0734375
4 0.0859375 0.6140625 0.0359375 0.1015625
5 0.32109375 0.49765625 0.02734375 0.06796875
4 0.29296875 0.4515625 0.02265625 0.0828125
0 0.78359375 0.63671875 0.01015625 0.02421875
5 0.18359375 0.3890625 0.01015625 0.065625
5 0.30703125 0.42890625 0.01484375 0.06484375