4 0.11171875 0.8984375 0.0734375 0.16953125
5 0.8890625 0.7921875 0.034375 0.15625
4 0.43125 0.321875 0.0328125 0.0921875
4 0.5875 0.4203125 0.028125 0.1046875
5 0.29765625 0.584375 0.028125 0.1328125
5 0.61171875 0.5390625 0.02734375 0.1265625
4 0.3265625 0.64296875 0.0265625 0.13515625
4 0.23046875 0.3375 0.02421875 0.0953125
5 0.53359375 0.4578125 0.0265625 0.11640625
5 0.36015625 0.3921875 0.02890625 0.11484375
5 0.50625 0.45703125 0.02890625 0.1203125
2 0.65703125 0.3671875 0.02890625 0.10078125
5 0.20703125 0.528125 0.0328125 0.13046875
5 0.33359375 0.35859375 0.0203125 0.1046875
5 0.40234375 0.42109375 0.02734375 0.1171875
4 0.22265625 0.44921875 0.02421875 0.10859375
4 0.32421875 0.3796875 0.03125 0.10390625
5 0.4421875 0.39921875 0.021875 0.12109375