4 0.30546875 0.44375 0.01953125 0.09375
2 0.921875 0.42890625 0.021875 0.09921875
5 0.8296875 0.8671875 0.0375 0.15078125
4 0.51953125 0.4546875 0.01953125 0.10390625
5 0.246875 0.33515625 0.02578125 0.078125
4 0.334375 0.490625 0.02421875 0.1078125
4 0.628125 0.5484375 0.0234375 0.10703125
5 0.59609375 0.57265625 0.025 0.11171875
4 0.40625 0.61796875 0.025 0.13203125
4 0.73515625 0.590625 0.02421875 0.1171875
4 0.55703125 0.4828125 0.02578125 0.10703125
5 0.2578125 0.49140625 0.01875 0.0875
5 0.1125 0.3578125 0.01875 0.0984375
4 0.378125 0.4078125 0.0171875 0.09296875
0 0.24921875 0.4140625 0.0078125 0.009375
5 0.284375 0.61875 0.02265625 0.12265625
4 0.390625 0.37265625 0.0203125 0.09375
5 0.48125 0.540625 0.03203125 0.10390625