5 0.6296875 0.57265625 0.02578125 0.1078125
5 0.3265625 0.38828125 0.0203125 0.0890625
4 0.07734375 0.33125 0.02109375 0.0890625
4 0.025 0.5484375 0.02265625 0.11875
4 0.5015625 0.5703125 0.04140625 0.11484375
4 0.2546875 0.2546875 0.0265625 0.08515625
5 0.62109375 0.48984375 0.021875 0.08203125
5 0.446875 0.3421875 0.01875 0.08828125
4 0.60625 0.60703125 0.021875 0.1203125
0 0.31953125 0.2859375 0.00703125 0.02265625
2 0.78828125 0.4703125 0.02265625 0.121875
4 0.5796875 0.471875 0.02109375 0.0953125
5 0.66875 0.42265625 0.0171875 0.0484375
5 0.67421875 0.51328125 0.0140625 0.1109375
5 0.6921875 0.49609375 0.021875 0.109375
5 0.55234375 0.5578125 0.028125 0.1078125
5 0.52265625 0.56640625 0.0125 0.10546875
4 0.53046875 0.55703125 0.01640625 0.1390625
4 0.58515625 0.5640625 0.0234375 0.12734375
5 0.6015625 0.5328125 0.01796875 0.0390625