5 0.35234375 0.35703125 0.0234375 0.07890625
4 0.546875 0.4546875 0.02265625 0.0921875
4 0.746875 0.51484375 0.03828125 0.1140625
5 0.209375 0.7359375 0.0265625 0.13515625
4 0.6921875 0.4546875 0.02421875 0.09921875
5 0.52578125 0.3546875 0.0234375 0.0828125
4 0.15 0.3078125 0.02265625 0.09296875
4 0.7984375 0.61796875 0.02265625 0.11328125
4 0.4734375 0.39140625 0.02421875 0.0765625
4 0.38046875 0.54921875 0.02421875 0.10625
4 0.43203125 0.303125 0.02109375 0.05703125
5 0.38828125 0.46015625 0.02890625 0.09140625
4 0.44375 0.3515625 0.0328125 0.090625
5 0.4296875 0.2609375 0.01484375 0.0515625
5 0.1875 0.4171875 0.0234375 0.11875
0 0.34609375 0.38671875 0.01484375 0.0125