5 0.44140625 0.34453125 0.01875 0.08359375
5 0.3359375 0.390625 0.02421875 0.0875
4 0.496875 0.4953125 0.02890625 0.03046875
4 0.025 0.54453125 0.0203125 0.11875
4 0.0671875 0.34140625 0.02265625 0.08671875
2 0.78671875 0.46953125 0.021875 0.1140625
4 0.52421875 0.54765625 0.0234375 0.10625
4 0.27734375 0.25078125 0.021875 0.07265625
5 0.6375 0.57890625 0.0328125 0.11484375
4 0.58125 0.47578125 0.02578125 0.1171875
5 0.61875 0.4703125 0.0171875 0.0953125
5 0.66640625 0.43125 0.01796875 0.0796875
5 0.6953125 0.49609375 0.02265625 0.11640625
5 0.58984375 0.56875 0.0203125 0.10703125
5 0.55 0.55078125 0.0234375 0.10390625
5 0.496875 0.55 0.0203125 0.1015625
4 0.68046875 0.4828125 0.01640625 0.09453125
4 0.61328125 0.6109375 0.0171875 0.13203125
0 0.31953125 0.28359375 0.0078125 0.02578125
5 0.6671875 0.50625 0.0234375 0.1125