4 0.6234375 0.3703125 0.0109375 0.034375
5 0.63125 0.37421875 0.0078125 0.03125
5 0.440625 0.3625 0.0109375 0.028125
5 0.41875 0.36328125 0.0171875 0.03125
5 0.5015625 0.39453125 0.0125 0.0375
5 0.3359375 0.38046875 0.0125 0.0328125
4 0.55234375 0.4484375 0.0125 0.0515625
4 0.465625 0.3875 0.0109375 0.040625
4 0.48984375 0.4046875 0.0109375 0.0421875
5 0.8375 0.6046875 0.0203125 0.0671875
2 0.0796875 0.40078125 0.009375 0.04375
5 0.76796875 0.47734375 0.0125 0.053125
5 0.7328125 0.421875 0.009375 0.0453125
4 0.290625 0.42578125 0.0125 0.046875
4 0.70625 0.425 0.0125 0.0453125
4 0.7890625 0.5296875 0.015625 0.0640625
5 0.38203125 0.48671875 0.0140625 0.0546875
4 0.228125 0.53515625 0.0171875 0.0671875
4 0.69375 0.740625 0.025 0.0875
0 0.35625 0.38046875 0.0046875 0.009375
3 0.3921875 0.346875 0.0078125 0.0359375
3 0.5546875 0.4296875 0.0171875 0.0421875
1 0.14140625 0.33359375 0.003125 0.0359375