5 0.59921875 0.353125 0.0109375 0.0328125
2 0.9671875 0.409375 0.0171875 0.05
4 0.3703125 0.346875 0.009375 0.03125
5 0.41953125 0.3390625 0.0078125 0.034375
3 0.1734375 0.3453125 0.0078125 0.034375
5 0.4 0.3875 0.009375 0.046875
4 0.5484375 0.3796875 0.009375 0.0421875
4 0.5078125 0.4 0.009375 0.0421875
5 0.95 0.5109375 0.015625 0.059375
5 0.603125 0.41171875 0.0109375 0.046875
5 0.49375 0.4796875 0.0109375 0.0578125
5 0.765625 0.40625 0.0109375 0.0453125
4 0.746875 0.4140625 0.0125 0.040625
4 0.47578125 0.4671875 0.0109375 0.053125
4 0.1625 0.446875 0.0125 0.0578125
4 0.2609375 0.40078125 0.0109375 0.046875
5 0.146875 0.4453125 0.0125 0.0515625
3 0.5171875 0.4296875 0.0125 0.0484375
4 0.64375 0.5171875 0.021875 0.0609375
4 0.18671875 0.51953125 0.0125 0.0609375
5 0.3703125 0.5453125 0.015625 0.0640625
4 0.34375 0.640625 0.0234375 0.06875
5 0.80390625 0.8015625 0.0265625 0.1046875
0 0.8515625 0.4875 0.00625 0.0140625