3 0.165625 0.3828125 0.0078125 0.028125
4 0.55625 0.43515625 0.0078125 0.0390625
5 0.703125 0.4453125 0.0078125 0.040625
5 0.50625 0.39921875 0.0078125 0.034375
5 0.315625 0.38984375 0.0078125 0.0328125
5 0.3703125 0.45 0.0078125 0.040625
4 0.61796875 0.4921875 0.0109375 0.046875
4 0.8875 0.528125 0.021875 0.0515625
5 0.9125 0.540625 0.0203125 0.05
4 0.20625 0.4140625 0.009375 0.0375
5 0.3375 0.57734375 0.009375 0.059375
3 0.48984375 0.5046875 0.009375 0.05
4 0.365625 0.5015625 0.0125 0.05
5 0.1890625 0.5125 0.0140625 0.0484375
4 0.1765625 0.48828125 0.0109375 0.05
5 0.675 0.53125 0.015625 0.053125
4 0.753125 0.6265625 0.01875 0.0640625
5 0.5875 0.71875 0.0234375 0.0796875
4 0.1828125 0.559375 0.0140625 0.065625
4 0.62265625 0.54296875 0.0203125 0.053125
5 0.8359375 0.646875 0.0125 0.06875
4 0.434375 0.6875 0.021875 0.075
0 0.909375 0.525 0.0078125 0.0125
2 0.86953125 0.4578125 0.0140625 0.0453125
1 0.63203125 0.34765625 0.0125 0.0265625