5 0.4171875 0.4140625 0.0078125 0.0421875
5 0.48125 0.34375 0.0078125 0.034375
5 0.21875 0.3609375 0.015625 0.0375
3 0.0671875 0.9796875 0.021875 0.040625
4 0.45 0.3890625 0.009375 0.0484375
3 0.5921875 0.3078125 0.009375 0.0375
4 0.453125 0.3484375 0.0109375 0.0390625
5 0.6109375 0.340625 0.0109375 0.0375
4 0.51875 0.36484375 0.0109375 0.046875
5 0.20625 0.4140625 0.009375 0.0546875
5 0.5015625 0.3765625 0.0078125 0.046875
5 0.8109375 0.359375 0.0125 0.04375
4 0.24609375 0.34765625 0.009375 0.0421875
4 0.215625 0.41796875 0.0125 0.0546875
4 0.421875 0.4265625 0.0125 0.0578125
2 0.8828125 0.3578125 0.01875 0.0453125
3 0.5109375 0.4078125 0.0125 0.0546875
5 0.18671875 0.48671875 0.0125 0.065625
5 0.64140625 0.4453125 0.0109375 0.059375
4 0.71953125 0.39375 0.01875 0.053125
5 0.20546875 0.5921875 0.0203125 0.0828125
4 0.7421875 0.4859375 0.015625 0.06875
4 0.2328125 0.5265625 0.0203125 0.075
4 0.3453125 0.7296875 0.025 0.096875
0 0.6609375 0.0734375 0.0046875 0.009375
1 0.79453125 0.2921875 0.0078125 0.0453125