5 0.46875 0.353125 0.015625 0.0375
4 0.4578125 0.29296875 0.009375 0.034375
5 0.5453125 0.28125 0.00625 0.0296875
5 0.346875 0.309375 0.0078125 0.0375
4 0.36875 0.3734375 0.009375 0.0328125
5 0.275 0.3921875 0.0140625 0.0453125
5 0.5765625 0.315625 0.009375 0.040625
5 0.59375 0.35625 0.0109375 0.0390625
5 0.47109375 0.428125 0.0109375 0.046875
4 0.3390625 0.30703125 0.0078125 0.0390625
4 0.415625 0.33828125 0.009375 0.0359375
5 0.70234375 0.4171875 0.009375 0.05
3 0.5140625 0.3609375 0.009375 0.04375
4 0.2578125 0.409375 0.0109375 0.0515625
4 0.259375 0.3375 0.0109375 0.0390625
5 0.6640625 0.3578125 0.0109375 0.0453125
4 0.5484375 0.3265625 0.0125 0.0390625
4 0.6390625 0.34921875 0.0078125 0.040625
5 0.27109375 0.475 0.0109375 0.0578125
4 0.546875 0.396875 0.0125 0.04375
4 0.4234375 0.5171875 0.015625 0.0578125
3 0.90625 0.79921875 0.0234375 0.084375
0 0.484375 0.3546875 0.0078125 0.0140625
3 0.2890625 0.2421875 0.0109375 0.0390625
1 0.92265625 0.21875 0.0046875 0.04375