5 0.5046875 0.25 0.0078125 0.028125
5 0.50234375 0.45078125 0.0078125 0.0453125
5 0.4921875 0.28828125 0.0078125 0.028125
4 0.40859375 0.2453125 0.0078125 0.028125
3 0.5328125 0.7390625 0.0171875 0.08125
5 0.5953125 0.2890625 0.0078125 0.0359375
5 0.390625 0.25625 0.0078125 0.025
4 0.559375 0.30625 0.0078125 0.0359375
5 0.6328125 0.359375 0.0078125 0.0375
5 0.34375 0.3125 0.0078125 0.034375
2 0.89296875 0.334375 0.0109375 0.0375
4 0.696875 0.2796875 0.0078125 0.0328125
5 0.315625 0.4359375 0.009375 0.04375
3 0.421875 0.3484375 0.0078125 0.0390625
4 0.5484375 0.353125 0.0078125 0.0390625
5 0.31875 0.3703125 0.009375 0.0421875
2 0.0546875 0.365625 0.0125 0.04375
4 0.39140625 0.4 0.009375 0.04375
5 0.4796875 0.346875 0.009375 0.0375
4 0.328125 0.3546875 0.009375 0.0375
4 0.840625 0.40234375 0.0078125 0.0453125
4 0.6265625 0.703125 0.0171875 0.0703125
4 0.36953125 0.5390625 0.015625 0.0515625
3 0.365625 0.225 0.0078125 0.0359375
4 0.56328125 0.2296875 0.009375 0.0359375
0 0.68828125 0.2953125 0.0046875 0.0078125
1 0.884375 0.21484375 0.00625 0.034375
1 0.07265625 0.23203125 0.009375 0.04375