5 0.6375 0.36015625 0.0078125 0.03125
5 0.7234375 0.3671875 0.0109375 0.034375
4 0.4296875 0.4078125 0.0140625 0.0296875
5 0.478125 0.303125 0.0078125 0.025
5 0.4171875 0.4265625 0.015625 0.0390625
5 0.4640625 0.56875 0.0171875 0.05
4 0.68125 0.3546875 0.009375 0.0328125
5 0.6625 0.3953125 0.0078125 0.0296875
4 0.525 0.3484375 0.009375 0.0296875
4 0.4234375 0.33984375 0.0109375 0.0296875
3 0.475 0.3859375 0.015625 0.0375
4 0.496875 0.3109375 0.0125 0.028125
5 0.5609375 0.4640625 0.0203125 0.05
5 0.275 0.5671875 0.0125 0.0515625
4 0.515625 0.440625 0.0109375 0.040625
5 0.7578125 0.4640625 0.0125 0.046875
4 0.76015625 0.3875 0.0125 0.0375
4 0.7734375 0.4484375 0.0125 0.0421875
4 0.359375 0.4109375 0.009375 0.0359375
3 0.103125 0.69453125 0.0203125 0.0625
4 0.2984375 0.4640625 0.0078125 0.04375
5 0.665625 0.32265625 0.0078125 0.03125
3 0.7484375 0.3 0.00625 0.03125
0 0.409375 0.44375 0.0046875 0.0078125
2 0.1484375 0.3671875 0.0125 0.0375
1 0.2671875 0.2609375 0.0125 0.0328125