4 0.4953125 0.25703125 0.00625 0.0296875
4 0.25625 0.3734375 0.0078125 0.0390625
5 0.4109375 0.296875 0.0078125 0.03125
5 0.26328125 0.3734375 0.009375 0.0390625
5 0.4390625 0.3765625 0.0078125 0.034375
5 0.2859375 0.3171875 0.00625 0.03125
5 0.7296875 0.478125 0.0109375 0.046875
2 0.00546875 0.3953125 0.0109375 0.0390625
4 0.46796875 0.353125 0.0109375 0.0375
4 0.80859375 0.446875 0.0109375 0.0453125
4 0.321875 0.309375 0.0078125 0.0328125
5 0.2421875 0.6078125 0.0140625 0.05625
5 0.5921875 0.371875 0.009375 0.0390625
3 0.9671875 0.66875 0.021875 0.0625
5 0.5703125 0.5125 0.0109375 0.05
3 0.35546875 0.42421875 0.0078125 0.04375
5 0.6140625 0.5546875 0.0125 0.0515625
5 0.2703125 0.5203125 0.0109375 0.059375
4 0.2890625 0.54453125 0.0125 0.0546875
4 0.6953125 0.3125 0.0078125 0.0375
4 0.6828125 0.4921875 0.0109375 0.0546875
4 0.5890625 0.56796875 0.0125 0.0578125
4 0.16171875 0.709375 0.0203125 0.059375
3 0.30625 0.246875 0.0078125 0.03125
2 0.91953125 0.3703125 0.0140625 0.0390625
0 0.80546875 0.4640625 0.00625 0.0109375
1 0.03828125 0.26953125 0.009375 0.0234375
1 0.80703125 0.23125 0.0078125 0.0203125