3 0.2484375 0.2078125 0.0078125 0.0375
5 0.4296875 0.22265625 0.009375 0.03125
4 0.31015625 0.2265625 0.0125 0.0484375
5 0.609375 0.221875 0.009375 0.0359375
5 0.74375 0.3546875 0.015625 0.0578125
5 0.4921875 0.2640625 0.009375 0.04375
5 0.3625 0.2640625 0.0078125 0.046875
5 0.6546875 0.271875 0.009375 0.046875
4 0.603125 0.26796875 0.0109375 0.04375
4 0.4359375 0.2890625 0.0125 0.05
3 0.6265625 0.3140625 0.0109375 0.0484375
5 0.5703125 0.334375 0.0109375 0.0515625
4 0.271875 0.2703125 0.009375 0.0453125
5 0.3328125 0.353125 0.0140625 0.0546875
5 0.5921875 0.4625 0.0125 0.0625
4 0.778125 0.39453125 0.0109375 0.0609375
5 0.7953125 0.41953125 0.015625 0.0609375
4 0.15703125 0.49921875 0.0140625 0.06875
4 0.578125 0.7421875 0.0203125 0.084375
4 0.671875 0.42421875 0.015625 0.0640625
4 0.46640625 0.2015625 0.009375 0.034375
4 0.59375 0.196875 0.009375 0.034375
1 0.9765625 0.1578125 0.0203125 0.0796875