5 0.6859375 0.3859375 0.009375 0.0421875
5 0.68125 0.3203125 0.00625 0.04375
4 0.59375 0.334375 0.0125 0.0453125
5 0.640625 0.35078125 0.009375 0.040625
5 0.725 0.3375 0.009375 0.04375
3 0.021875 0.26875 0.0109375 0.0421875
5 0.27109375 0.296875 0.009375 0.0421875
4 0.7109375 0.35 0.0109375 0.0484375
5 0.74375 0.3921875 0.0109375 0.05
4 0.65234375 0.36328125 0.0109375 0.0484375
4 0.5234375 0.31875 0.0125 0.0390625
5 0.390625 0.446875 0.0109375 0.059375
3 0.5921875 0.375 0.0109375 0.053125
4 0.2546875 0.321875 0.0078125 0.04375
5 0.49765625 0.35546875 0.0109375 0.046875
4 0.68125 0.4125 0.0140625 0.053125
4 0.1796875 0.38203125 0.0125 0.05
4 0.3796875 0.4515625 0.0125 0.0609375
4 0.4578125 0.3828125 0.0109375 0.05
2 0.73125 0.29609375 0.0125 0.046875
0 0.56328125 0.2984375 0.0046875 0.009375
5 0.5828125 0.328125 0.015625 0.0421875
4 0.60703125 0.296875 0.0125 0.0390625
5 0.61640625 0.3 0.0125 0.0359375
1 0.53671875 0.18828125 0.003125 0.028125