3 0.8546875 0.3046875 0.009375 0.034375
5 0.4234375 0.4015625 0.0109375 0.0375
2 0.25 0.34765625 0.0125 0.0359375
4 0.4359375 0.4046875 0.0125 0.0359375
4 0.3875 0.36328125 0.0109375 0.0421875
5 0.40625 0.3609375 0.009375 0.0359375
3 0.3984375 0.3953125 0.009375 0.0421875
4 0.359375 0.4078125 0.0109375 0.0390625
5 0.8125 0.4234375 0.009375 0.046875
5 0.484375 0.41015625 0.0109375 0.0375
4 0.2703125 0.44375 0.0109375 0.04375
5 0.68125 0.36484375 0.0109375 0.0375
5 0.5421875 0.453125 0.0109375 0.04375
5 0.2484375 0.4921875 0.009375 0.046875
3 0.025 0.6328125 0.0171875 0.065625
4 0.59375 0.3875 0.009375 0.040625
4 0.31875 0.4875 0.009375 0.05
4 0.4375 0.4796875 0.0125 0.046875
4 0.7859375 0.4296875 0.0109375 0.046875
5 0.709375 0.5296875 0.0140625 0.0578125
5 0.509375 0.52265625 0.0109375 0.0578125
4 0.68046875 0.53984375 0.0140625 0.0515625
4 0.42421875 0.36953125 0.0109375 0.04375
1 0.4 0.2375 0.0046875 0.03125