5 0.5515625 0.1890625 0.009375 0.0328125
4 0.59921875 0.18984375 0.009375 0.040625
4 0.246875 0.2265625 0.0109375 0.0453125
4 0.83125 0.3609375 0.0265625 0.053125
5 0.6171875 0.2046875 0.0140625 0.04375
5 0.48359375 0.1984375 0.0078125 0.0421875
4 0.446875 0.196875 0.009375 0.0484375
5 0.39375 0.2375 0.0078125 0.04375
5 0.5109375 0.2421875 0.015625 0.0359375
4 0.26875 0.26875 0.0125 0.0484375
4 0.5390625 0.240625 0.01875 0.0453125
4 0.4609375 0.228125 0.0125 0.04375
5 0.79296875 0.315625 0.0140625 0.0578125
5 0.5734375 0.3171875 0.0109375 0.053125
5 0.6375 0.409375 0.0171875 0.0640625
5 0.840625 0.3796875 0.0234375 0.0609375
5 0.35546875 0.3265625 0.0171875 0.05625
4 0.19375 0.4390625 0.0203125 0.0671875
3 0.6078125 0.290625 0.0125 0.053125
4 0.68828125 0.325 0.0140625 0.0546875
4 0.71875 0.690625 0.034375 0.09375
0 0.4609375 0.2453125 0.0046875 0.0078125
3 0.246875 0.19140625 0.0109375 0.04375
1 0.9625 0.15078125 0.009375 0.028125