4 0.5046875 0.25703125 0.00625 0.0296875
4 0.74375 0.3734375 0.0078125 0.0390625
5 0.5890625 0.296875 0.0078125 0.03125
5 0.73671875 0.3734375 0.009375 0.0390625
5 0.5609375 0.3765625 0.0078125 0.034375
5 0.7140625 0.3171875 0.00625 0.03125
5 0.2703125 0.478125 0.0125 0.046875
2 0.99453125 0.3953125 0.0109375 0.0390625
4 0.53203125 0.353125 0.0109375 0.0375
4 0.19140625 0.446875 0.0109375 0.0453125
4 0.678125 0.309375 0.0078125 0.0328125
5 0.7578125 0.6078125 0.0140625 0.05625
5 0.4078125 0.371875 0.009375 0.0390625
3 0.0328125 0.66875 0.021875 0.0625
5 0.4296875 0.5125 0.0109375 0.05
3 0.64453125 0.42421875 0.0078125 0.04375
5 0.3859375 0.5546875 0.0125 0.0515625
5 0.7296875 0.5203125 0.0109375 0.059375
4 0.7109375 0.54453125 0.0109375 0.0546875
4 0.3046875 0.3125 0.0078125 0.0375
4 0.3171875 0.4921875 0.0109375 0.0546875
4 0.4109375 0.56796875 0.0125 0.0578125
4 0.83828125 0.709375 0.0203125 0.059375
3 0.69375 0.246875 0.0078125 0.03125
2 0.08046875 0.3703125 0.0140625 0.0390625
0 0.19453125 0.4640625 0.0046875 0.0109375
1 0.9625 0.26484375 0.0140625 0.0359375
1 0.1953125 0.2265625 0.009375 0.0359375