5 0.13671875 0.45078125 0.0109375 0.0390625
2 0.1359375 0.3375 0.0140625 0.0359375
5 0.353125 0.3 0.0078125 0.03125
5 0.33125 0.4015625 0.0125 0.0453125
4 0.2984375 0.334375 0.009375 0.0375
4 0.1703125 0.4609375 0.015625 0.0484375
5 0.2734375 0.45546875 0.01875 0.046875
4 0.6671875 0.3140625 0.009375 0.0359375
5 0.809375 0.3421875 0.009375 0.040625
4 0.3765625 0.3890625 0.009375 0.04375
5 0.66484375 0.396875 0.009375 0.0375
5 0.5640625 0.490625 0.0140625 0.0421875
4 0.775 0.415625 0.0109375 0.046875
4 0.3421875 0.4453125 0.009375 0.0453125
4 0.25390625 0.5078125 0.015625 0.05
3 0.3921875 0.4453125 0.0125 0.0484375
5 0.79453125 0.5359375 0.0140625 0.0515625
4 0.8203125 0.3578125 0.0125 0.040625
4 0.25625 0.44765625 0.0171875 0.0484375
5 0.8015625 0.459375 0.015625 0.05625
4 0.5171875 0.5375 0.0125 0.059375
3 0.9125 0.859375 0.03125 0.084375
5 0.62734375 0.2859375 0.0109375 0.0296875
3 0.4125 0.21328125 0.009375 0.0296875
0 0.334375 0.515625 0.0078125 0.0140625
1 0.28203125 0.20546875 0.0109375 0.0421875