5 0.58125 0.2234375 0.009375 0.0421875
5 0.4953125 0.21015625 0.0109375 0.028125
5 0.390625 0.25703125 0.00625 0.04375
4 0.478125 0.2078125 0.009375 0.0375
4 0.57109375 0.2234375 0.0078125 0.0390625
5 0.58671875 0.2140625 0.015625 0.028125
4 0.2890625 0.2328125 0.0078125 0.0453125
3 0.27265625 0.215625 0.009375 0.0375
4 0.2703125 0.28046875 0.0078125 0.0453125
5 0.4984375 0.26484375 0.0078125 0.04375
4 0.453125 0.275 0.009375 0.0453125
5 0.8234375 0.4078125 0.0125 0.059375
5 0.5765625 0.3328125 0.0109375 0.05
5 0.359375 0.34453125 0.0109375 0.053125
5 0.7578125 0.3421875 0.0109375 0.0578125
4 0.2125 0.4796875 0.01875 0.06875
4 0.79609375 0.384375 0.0125 0.059375
3 0.6328125 0.303125 0.0109375 0.05
5 0.6234375 0.4375 0.0171875 0.0609375
4 0.715625 0.415625 0.015625 0.0625
4 0.671875 0.7265625 0.0234375 0.084375
0 0.52109375 0.2203125 0.0046875 0.0109375
4 0.5734375 0.2078125 0.0078125 0.034375
1 0.95546875 0.178125 0.0046875 0.0375