2 0.88125 0.36953125 0.0109375 0.0390625
5 0.53984375 0.7078125 0.0234375 0.06875
5 0.3296875 0.33125 0.0078125 0.034375
5 0.4875 0.5453125 0.01875 0.0484375
5 0.58046875 0.4265625 0.0125 0.0421875
4 0.57265625 0.48046875 0.0125 0.046875
5 0.63125 0.34140625 0.0109375 0.0359375
5 0.4921875 0.3 0.00625 0.03125
4 0.8078125 0.49765625 0.009375 0.0484375
5 0.815625 0.59765625 0.0203125 0.05
5 0.3375 0.4546875 0.0125 0.05
3 0.4578125 0.43671875 0.009375 0.0421875
4 0.265625 0.353125 0.009375 0.0375
4 0.4046875 0.396875 0.0109375 0.040625
4 0.64296875 0.37734375 0.0078125 0.0375
5 0.2765625 0.4171875 0.0140625 0.0421875
4 0.3265625 0.46875 0.0140625 0.0375
4 0.403125 0.49296875 0.015625 0.034375
4 0.734375 0.6125 0.01875 0.0546875
4 0.2265625 0.44375 0.01875 0.0421875
4 0.478125 0.6234375 0.025 0.0578125
3 0.1328125 0.840625 0.0265625 0.0828125
5 0.8875 0.46953125 0.0140625 0.046875
3 0.64453125 0.253125 0.0078125 0.0296875
1 0.76875 0.246875 0.0109375 0.0390625