5 0.421875 0.36875 0.0078125 0.04375
5 0.53203125 0.39453125 0.0109375 0.040625
4 0.43125 0.29296875 0.0078125 0.0359375
5 0.446875 0.2734375 0.00625 0.0296875
3 0.41640625 0.371875 0.0109375 0.04375
5 0.2046875 0.415625 0.0109375 0.046875
5 0.55625 0.3171875 0.009375 0.040625
5 0.2671875 0.315625 0.0078125 0.0375
5 0.6671875 0.434375 0.0109375 0.053125
4 0.3890625 0.4328125 0.015625 0.0484375
4 0.440625 0.4953125 0.009375 0.05625
4 0.540625 0.325 0.009375 0.0390625
5 0.425 0.4359375 0.0140625 0.05
4 0.3546875 0.36953125 0.009375 0.046875
4 0.25 0.328125 0.0140625 0.040625
4 0.5765625 0.390625 0.0109375 0.0453125
2 0.9390625 0.3453125 0.015625 0.04375
5 0.21875 0.51015625 0.0140625 0.059375
4 0.21328125 0.38046875 0.0109375 0.046875
4 0.1734375 0.43984375 0.0125 0.053125
5 0.646875 0.3640625 0.015625 0.0453125
3 0.8640625 0.76484375 0.0296875 0.0796875
4 0.5484375 0.4671875 0.025 0.05
0 0.66015625 0.45234375 0.00625 0.0125
3 0.2421875 0.24375 0.009375 0.0359375
1 0.84765625 0.2125 0.00625 0.0296875