4 0.5875 0.3953125 0.0125 0.0375
5 0.3078125 0.34921875 0.0125 0.021875
5 0.4875 0.33515625 0.009375 0.03125
5 0.3109375 0.3875 0.0078125 0.034375
4 0.459375 0.3328125 0.0109375 0.03125
4 0.5890625 0.4203125 0.0109375 0.04375
2 0.69375 0.34921875 0.0078125 0.0328125
5 0.178125 0.371875 0.00625 0.0328125
4 0.51875 0.3625 0.0078125 0.0359375
5 0.32421875 0.41953125 0.009375 0.0375
5 0.5328125 0.39375 0.00625 0.0359375
4 0.2859375 0.3484375 0.00625 0.0296875
4 0.403125 0.36328125 0.0078125 0.0328125
3 0.8421875 0.615625 0.015625 0.059375
5 0.459375 0.47578125 0.009375 0.046875
4 0.1921875 0.409375 0.009375 0.0375
5 0.7265625 0.5578125 0.015625 0.05
4 0.484375 0.4640625 0.009375 0.040625
4 0.1734375 0.50625 0.0125 0.05
5 0.6015625 0.4859375 0.0125 0.0453125
3 0.44921875 0.425 0.0125 0.0421875
4 0.6265625 0.48125 0.009375 0.0484375
0 0.3203125 0.31484375 0.0046875 0.009375
5 0.171875 0.48984375 0.0109375 0.0484375
3 0.15546875 0.31640625 0.009375 0.0328125
1 0.58359375 0.2515625 0.015625 0.0421875