5 0.6 0.30625 0.0109375 0.0390625
2 0.8515625 0.32578125 0.0109375 0.0390625
5 0.5921875 0.5109375 0.01875 0.0578125
4 0.196875 0.340625 0.009375 0.0359375
5 0.7625 0.44296875 0.0078125 0.05
5 0.3140625 0.3 0.0078125 0.0328125
5 0.1875 0.35234375 0.0078125 0.0421875
4 0.2984375 0.40703125 0.0140625 0.04375
4 0.6671875 0.31953125 0.0078125 0.0390625
5 0.221875 0.5953125 0.0140625 0.0609375
3 0.5046875 0.45 0.01875 0.04375
5 0.35 0.4546875 0.0109375 0.0546875
4 0.35 0.315625 0.009375 0.0375
5 0.559375 0.5109375 0.0109375 0.05
4 0.603125 0.384375 0.009375 0.0453125
4 0.71171875 0.4078125 0.0109375 0.0484375
5 0.6546875 0.61171875 0.0140625 0.0640625
4 0.515625 0.490625 0.015625 0.05
5 0.1828125 0.465625 0.0140625 0.0546875
4 0.6984375 0.596875 0.03125 0.0546875
4 0.77734375 0.475 0.0125 0.0578125
3 0.07265625 0.85 0.028125 0.0890625
3 0.57265625 0.20546875 0.009375 0.03125
4 0.59609375 0.49921875 0.021875 0.05
0 0.5640625 0.54375 0.0046875 0.0109375
1 0.73125 0.196875 0.0109375 0.0359375