5 0.3109375 0.384375 0.0078125 0.04375
5 0.2609375 0.346875 0.009375 0.04375
5 0.153125 0.41953125 0.0109375 0.0484375
4 0.3203125 0.31875 0.0078125 0.0390625
4 0.390625 0.303125 0.0109375 0.040625
4 0.1625 0.42578125 0.01875 0.05
4 0.50390625 0.31796875 0.009375 0.040625
5 0.6234375 0.34375 0.0140625 0.046875
5 0.76484375 0.29453125 0.009375 0.0390625
4 0.4109375 0.2890625 0.009375 0.04375
3 0.421875 0.36875 0.0109375 0.0453125
4 0.78671875 0.3109375 0.0125 0.0421875
4 0.634375 0.36875 0.0109375 0.046875
5 0.68359375 0.4421875 0.015625 0.0578125
4 0.31953125 0.425 0.0125 0.0578125
4 0.86875 0.365625 0.0109375 0.046875
4 0.696875 0.45546875 0.0171875 0.059375
2 0.2828125 0.2953125 0.0140625 0.0453125
5 0.3140625 0.3046875 0.0125 0.0484375
5 0.3515625 0.325 0.0109375 0.046875
5 0.35234375 0.30390625 0.0109375 0.046875
5 0.3859375 0.2875 0.0109375 0.04375
1 0.48671875 0.184375 0.00625 0.0390625