5 0.30625 0.38125 0.0171875 0.06328125
4 0.17578125 0.5703125 0.02265625 0.090625
5 0.603125 0.50546875 0.02265625 0.07734375
5 0.35859375 0.48046875 0.0171875 0.071875
5 0.35390625 0.35390625 0.0234375 0.06484375
5 0.42890625 0.3140625 0.01640625 0.05078125
5 0.2765625 0.42890625 0.02109375 0.0703125
5 0.65234375 0.53515625 0.01796875 0.08671875
4 0.725 0.8515625 0.0203125 0.09609375
4 0.19140625 0.49296875 0.01796875 0.06328125
4 0.21015625 0.36796875 0.01484375 0.06796875
4 0.5046875 0.53203125 0.0265625 0.07734375
4 0.40546875 0.35859375 0.01875 0.05625
4 0.35703125 0.26328125 0.01484375 0.0484375
5 0.6984375 0.6953125 0.02109375 0.1015625
4 0.19375 0.26328125 0.01953125 0.0671875
2 0.8296875 0.403125 0.02578125 0.09765625
5 0.425 0.36796875 0.01796875 0.0703125