4 0.6 0.56796875 0.03515625 0.0796875
4 0.32890625 0.334375 0.01796875 0.06875
4 0.72890625 0.671875 0.0234375 0.1015625
5 0.44609375 0.3671875 0.0203125 0.06796875
5 0.21796875 0.671875 0.021875 0.09921875
4 0.3796875 0.44296875 0.01953125 0.07578125
5 0.42109375 0.5890625 0.021875 0.08046875
4 0.50078125 0.39453125 0.03046875 0.07109375
2 0.69140625 0.3796875 0.0234375 0.0765625
4 0.46796875 0.36875 0.0234375 0.06796875
4 0.11875 0.48828125 0.0203125 0.0875
5 0.784375 0.81796875 0.03203125 0.103125
4 0.48359375 0.628125 0.02265625 0.08359375
4 0.65546875 0.534375 0.0234375 0.0859375
5 0.22109375 0.29375 0.01796875 0.06953125
5 0.08671875 0.534375 0.01953125 0.0953125
0 0.5203125 0.596875 0.01640625 0.021875
5 0.67109375 0.55546875 0.02109375 0.08671875