5 0.87109375 0.68515625 0.046875 0.096875
4 0.0359375 0.640625 0.025 0.103125
5 0.396875 0.5484375 0.025 0.09921875
4 0.74375 0.58125 0.03515625 0.090625
5 0.32109375 0.61015625 0.021875 0.08828125
5 0.43828125 0.83984375 0.0296875 0.11484375
4 0.41953125 0.3515625 0.028125 0.08125
5 0.2515625 0.29140625 0.02109375 0.07890625
4 0.49765625 0.41796875 0.025 0.08828125
4 0.44921875 0.5109375 0.021875 0.08671875
4 0.5796875 0.58046875 0.0203125 0.08359375
4 0.29765625 0.28828125 0.0203125 0.06875
5 0.43359375 0.390625 0.0328125 0.07421875
4 0.34921875 0.70234375 0.02578125 0.10078125
4 0.0609375 0.86875 0.02734375 0.128125
2 0.49921875 0.253125 0.021875 0.07265625