4 0.6703125 0.26796875 0.021875 0.05859375
4 0.4671875 0.46796875 0.028125 0.08828125
4 0.815625 0.5734375 0.02734375 0.09609375
4 0.7921875 0.3890625 0.02578125 0.075
4 0.54375 0.64140625 0.02578125 0.1078125
4 0.409375 0.69296875 0.02734375 0.0734375
4 0.578125 0.3125 0.021875 0.0640625
2 0.303125 0.3 0.0203125 0.0609375
4 0.3375 0.61328125 0.03671875 0.090625
5 0.93984375 0.41640625 0.02421875 0.07890625
5 0.421875 0.7734375 0.0328125 0.1015625
0 0.45234375 0.79296875 0.00703125 0.0109375
5 0.615625 0.303125 0.0171875 0.0515625
5 0.98515625 0.3078125 0.01953125 0.0671875
5 0.58984375 0.67890625 0.0390625 0.10078125
4 0.9875 0.2359375 0.01875 0.06640625
5 0.5609375 0.85625 0.025 0.11875