5 0.521875 0.3046875 0.009375 0.0453125
4 0.6015625 0.284375 0.0078125 0.0390625
5 0.57265625 0.2625 0.0078125 0.0375
4 0.45 0.30625 0.0109375 0.046875
0 0.4015625 0.6546875 0.0109375 0.015625
5 0.3140625 0.2703125 0.009375 0.0359375
4 0.5109375 0.3359375 0.009375 0.0484375
4 0.6875 0.35625 0.0140625 0.053125
3 0.565625 0.34296875 0.0109375 0.05
4 0.7578125 0.4546875 0.015625 0.053125
5 0.6375 0.46328125 0.0140625 0.0484375
5 0.6578125 0.33828125 0.0171875 0.0515625
4 0.31328125 0.390625 0.0125 0.059375
2 0.9390625 0.328125 0.0140625 0.0515625
5 0.79375 0.525 0.01875 0.059375
4 0.4546875 0.496875 0.0140625 0.0671875
4 0.58125 0.434375 0.021875 0.0578125
5 0.39375 0.3984375 0.0203125 0.059375
4 0.7265625 0.559375 0.0171875 0.06875
5 0.221875 0.353125 0.0125 0.0546875
5 0.1671875 0.50625 0.0171875 0.0703125
3 0.9546875 0.6703125 0.03125 0.0953125
5 0.4875 0.665625 0.0375 0.0828125
3 0.26875 0.2390625 0.0078125 0.0421875
4 0.625 0.3125 0.0140625 0.0453125
1 0.8859375 0.21875 0.0203125 0.040625