4 0.32421875 0.24765625 0.009375 0.0328125
3 0.1859375 0.2375 0.015625 0.0390625
2 0.99375 0.309375 0.0125 0.0453125
5 0.328125 0.2625 0.0109375 0.0421875
5 0.503125 0.259375 0.0125 0.0546875
4 0.33125 0.29296875 0.0109375 0.0515625
4 0.559375 0.2390625 0.0125 0.040625
4 0.2 0.4328125 0.0234375 0.0703125
4 0.2296875 0.278125 0.0171875 0.0453125
4 0.54140625 0.2546875 0.015625 0.040625
5 0.5828125 0.2375 0.0140625 0.0453125
5 0.37890625 0.234375 0.0140625 0.040625
4 0.1640625 0.31171875 0.0109375 0.059375
4 0.3390625 0.3296875 0.015625 0.053125
5 0.203125 0.296875 0.0109375 0.05625
3 0.37890625 0.30625 0.0109375 0.0546875
5 0.65234375 0.28984375 0.0125 0.0546875
5 0.478125 0.3046875 0.0125 0.05625
4 0.559375 0.303125 0.01875 0.0484375
4 0.48984375 0.4578125 0.0203125 0.0734375
5 0.7609375 0.39375 0.015625 0.0640625
5 0.41953125 0.44765625 0.0265625 0.071875
0 0.42109375 0.26796875 0.0078125 0.0125
1 0.86953125 0.1984375 0.009375 0.0359375