5 0.7375 0.303125 0.009375 0.0390625
4 0.44453125 0.30546875 0.0109375 0.0390625
3 0.10703125 0.61328125 0.0234375 0.0796875
5 0.47578125 0.284375 0.009375 0.0375
4 0.3765625 0.34375 0.009375 0.0484375
4 0.603125 0.34765625 0.0109375 0.0421875
2 0.14765625 0.3296875 0.0125 0.046875
3 0.5109375 0.384375 0.0109375 0.05
5 0.5703125 0.346875 0.0109375 0.046875
4 0.6875 0.4734375 0.0109375 0.065625
4 0.440625 0.3828125 0.0171875 0.053125
5 0.5203125 0.49921875 0.0125 0.0671875
5 0.3828125 0.37578125 0.0125 0.053125
4 0.25546875 0.51953125 0.015625 0.0703125
4 0.371875 0.5 0.021875 0.0546875
5 0.5859375 0.54375 0.0265625 0.0671875
5 0.8203125 0.3828125 0.0125 0.053125
5 0.2734375 0.52734375 0.0140625 0.075
5 0.40703125 0.509375 0.0125 0.06875
4 0.5609375 0.53203125 0.0125 0.065625
4 0.3125 0.4078125 0.0140625 0.0546875
4 0.4421875 0.5390625 0.0203125 0.0703125
5 0.85 0.5265625 0.025 0.075
0 0.3609375 0.2796875 0.0078125 0.0125
3 0.7859375 0.25859375 0.0078125 0.0328125
1 0.25234375 0.22734375 0.0171875 0.0296875