0 0.2078125 0.51953125 0.00625 0.0109375
4 0.646875 0.296875 0.009375 0.04375
3 0.28671875 0.2578125 0.0125 0.0359375
5 0.6421875 0.2578125 0.0078125 0.040625
5 0.546875 0.32265625 0.009375 0.053125
4 0.7890625 0.496875 0.0109375 0.0734375
4 0.5515625 0.334375 0.0078125 0.05
5 0.446875 0.2796875 0.0109375 0.0453125
4 0.69375 0.33984375 0.009375 0.0546875
5 0.63046875 0.3625 0.0109375 0.053125
4 0.609375 0.371875 0.0125 0.059375
4 0.66875 0.3625 0.0109375 0.0625
5 0.1734375 0.4953125 0.028125 0.065625
3 0.58671875 0.4046875 0.0125 0.0609375
4 0.75625 0.4421875 0.0140625 0.0671875
4 0.43125 0.4546875 0.0125 0.071875
5 0.309375 0.346875 0.0140625 0.0546875
4 0.6265625 0.45625 0.0140625 0.0640625
5 0.78125 0.5078125 0.0140625 0.075
5 0.8046875 0.4296875 0.015625 0.0703125
5 0.5015625 0.43828125 0.0140625 0.071875
4 0.54375 0.540625 0.015625 0.0859375
5 0.29375 0.72578125 0.025 0.1078125