5 0.5625 0.4296875 0.0109375 0.04375
4 0.55859375 0.3234375 0.0125 0.040625
4 0.6390625 0.35625 0.0109375 0.0453125
5 0.53203125 0.29296875 0.0109375 0.0390625
2 0.871875 0.32578125 0.0125 0.0453125
4 0.5375 0.4 0.015625 0.05625
5 0.646875 0.4328125 0.0171875 0.053125
5 0.6484375 0.38125 0.0125 0.0578125
3 0.475 0.3953125 0.0140625 0.046875
5 0.2609375 0.3265625 0.0125 0.0453125
5 0.4375 0.371875 0.0125 0.053125
4 0.565625 0.46875 0.0140625 0.0546875
4 0.4046875 0.3734375 0.01875 0.0484375
4 0.6578125 0.44296875 0.0109375 0.0609375
4 0.68125 0.4 0.0171875 0.0546875
5 0.471875 0.4578125 0.015625 0.05625
4 0.5625 0.52578125 0.0171875 0.0640625
4 0.4578125 0.50078125 0.0140625 0.0546875
3 0.8796875 0.61875 0.021875 0.08125
5 0.240625 0.396875 0.015625 0.053125
5 0.36640625 0.540625 0.0171875 0.0703125
4 0.32578125 0.5265625 0.0265625 0.065625
5 0.1734375 0.5109375 0.0234375 0.0671875
3 0.25625 0.2578125 0.009375 0.03125
0 0.35 0.5578125 0.0078125 0.0140625
1 0.77734375 0.21953125 0.03125 0.053125