5 0.2625 0.303125 0.009375 0.0390625
4 0.55546875 0.30546875 0.0109375 0.0390625
3 0.89296875 0.61328125 0.0234375 0.0796875
5 0.52421875 0.284375 0.009375 0.0375
4 0.6234375 0.34375 0.0109375 0.0484375
4 0.396875 0.34765625 0.0109375 0.0421875
2 0.85234375 0.3296875 0.0125 0.046875
3 0.4890625 0.384375 0.0109375 0.05
5 0.4296875 0.346875 0.0109375 0.046875
4 0.3125 0.4734375 0.0125 0.065625
4 0.559375 0.3828125 0.015625 0.053125
5 0.4796875 0.49921875 0.0140625 0.0671875
5 0.6171875 0.37578125 0.0125 0.053125
4 0.74453125 0.51953125 0.0171875 0.0703125
4 0.628125 0.5 0.0203125 0.0546875
5 0.4140625 0.54375 0.0265625 0.0671875
5 0.1796875 0.3828125 0.0125 0.053125
5 0.7265625 0.52734375 0.0140625 0.075
5 0.59296875 0.509375 0.0125 0.06875
4 0.4390625 0.53203125 0.0125 0.065625
4 0.6875 0.4078125 0.015625 0.0546875
4 0.5578125 0.5390625 0.0203125 0.0703125
5 0.15 0.5265625 0.025 0.075
0 0.6390625 0.2796875 0.0078125 0.0125
3 0.2140625 0.25859375 0.0078125 0.0328125
1 0.75 0.22578125 0.0171875 0.0359375