5 0.3359375 0.2671875 0.0109375 0.0390625
4 0.59453125 0.290625 0.0125 0.04375
4 0.528125 0.4671875 0.0125 0.0484375
5 0.5046875 0.31875 0.0109375 0.05
5 0.5875 0.2625 0.009375 0.040625
3 0.55625 0.3609375 0.0109375 0.053125
5 0.48515625 0.4734375 0.0171875 0.0640625
4 0.546875 0.36171875 0.0109375 0.05625
4 0.63125 0.32734375 0.0125 0.05
5 0.784375 0.553125 0.0125 0.078125
2 0.946875 0.325 0.0125 0.0515625
4 0.51640625 0.4953125 0.0125 0.0625
4 0.4546875 0.31875 0.0109375 0.0484375
4 0.6734375 0.3609375 0.0140625 0.05625
5 0.3109375 0.56328125 0.0171875 0.0765625
5 0.6890625 0.38671875 0.0140625 0.0578125
5 0.2015625 0.3546875 0.0140625 0.0578125
4 0.7890625 0.628125 0.021875 0.096875
3 0.9546875 0.659375 0.0203125 0.096875
4 0.34375 0.4453125 0.0125 0.06875
5 0.128125 0.52265625 0.0140625 0.0765625
5 0.5953125 0.5296875 0.01875 0.0734375
4 0.4640625 0.5578125 0.0234375 0.075
3 0.253125 0.23359375 0.0078125 0.0375
0 0.496875 0.45625 0.0078125 0.015625
1 0.8703125 0.2046875 0.003125 0.040625