3 0.340625 0.25234375 0.0109375 0.046875
5 0.4484375 0.265625 0.0125 0.0421875
4 0.8421875 0.3515625 0.009375 0.059375
4 0.8109375 0.3234375 0.009375 0.053125
4 0.7015625 0.3015625 0.0109375 0.046875
5 0.8390625 0.3140625 0.0140625 0.05
5 0.515625 0.30625 0.009375 0.0515625
4 0.4734375 0.2828125 0.0125 0.0453125
5 0.303125 0.2859375 0.0078125 0.05
4 0.890625 0.57578125 0.01875 0.09375
4 0.375 0.340625 0.015625 0.059375
4 0.85 0.3984375 0.0125 0.0671875
5 0.7328125 0.38203125 0.0171875 0.0640625
4 0.5734375 0.3171875 0.0109375 0.053125
5 0.825 0.353125 0.0140625 0.06875
2 0.0453125 0.353125 0.015625 0.0609375
4 0.6578125 0.3953125 0.0140625 0.0546875
5 0.390625 0.37421875 0.0140625 0.0609375
3 0.675 0.359375 0.0140625 0.0578125
4 0.378125 0.40625 0.0140625 0.0671875
5 0.0921875 0.41796875 0.021875 0.06875
3 0.9828125 0.94453125 0.0296875 0.109375
5 0.184375 0.684375 0.03125 0.1046875
5 0.81796875 0.73828125 0.025 0.1140625
0 0.43125 0.28515625 0.00625 0.0109375
1 0.1421875 0.24296875 0.009375 0.0484375