3 0.49375 0.49765625 0.0140625 0.0484375
4 0.61171875 0.409375 0.0125 0.0421875
4 0.225 0.421875 0.01875 0.0453125
5 0.2796875 0.3796875 0.0140625 0.0359375
5 0.509375 0.525 0.01875 0.059375
5 0.4625 0.440625 0.015625 0.0453125
5 0.525 0.565625 0.0140625 0.0578125
4 0.6609375 0.553125 0.0234375 0.0625
5 0.33125 0.4421875 0.0125 0.0453125
4 0.5703125 0.4796875 0.01875 0.053125
4 0.23515625 0.63125 0.0234375 0.059375
4 0.30625 0.4734375 0.0109375 0.05
5 0.2359375 0.6875 0.03125 0.075
4 0.2171875 0.4734375 0.0140625 0.0546875
4 0.10546875 0.53046875 0.0125 0.0609375
5 0.6234375 0.540625 0.0140625 0.0578125
5 0.7921875 0.5328125 0.0140625 0.059375
5 0.134375 0.5140625 0.015625 0.05625
4 0.91328125 0.4953125 0.0171875 0.053125
5 0.753125 0.45546875 0.01875 0.053125
4 0.4359375 0.5390625 0.0203125 0.0578125
0 0.3734375 0.3796875 0.00625 0.0109375
3 0.7 0.346875 0.0078125 0.034375