3 0.38125 0.33125 0.0078125 0.0296875
2 0.18125 0.440625 0.0125 0.0359375
4 0.3078125 0.390625 0.0109375 0.04375
5 0.1484375 0.45625 0.0140625 0.040625
5 0.540625 0.4 0.009375 0.0453125
4 0.16875 0.478125 0.01875 0.05625
5 0.3640625 0.4046875 0.009375 0.0453125
4 0.3921875 0.4125 0.0140625 0.040625
5 0.2453125 0.43671875 0.0109375 0.0515625
3 0.375 0.471875 0.009375 0.0546875
4 0.846875 0.4265625 0.0109375 0.0515625
4 0.478125 0.4484375 0.0171875 0.0484375
4 0.8671875 0.484375 0.0140625 0.059375
4 0.7515625 0.5234375 0.0109375 0.0625
4 0.46953125 0.51953125 0.0140625 0.0578125
5 0.321875 0.484375 0.0125 0.053125
4 0.65 0.6078125 0.0140625 0.0640625
5 0.69921875 0.5015625 0.0140625 0.05625
5 0.603125 0.6015625 0.0125 0.0671875
5 0.196875 0.42578125 0.0171875 0.034375
0 0.21640625 0.425 0.00625 0.009375
1 0.36328125 0.32890625 0.00625 0.0390625