0 0.5078125 0.3703125 0.00625 0.0109375
5 0.690625 0.390625 0.015625 0.0640625
4 0.7609375 0.4734375 0.0265625 0.065625
5 0.71953125 0.409375 0.015625 0.0734375
5 0.53671875 0.35625 0.01875 0.0578125
5 0.603125 0.33984375 0.0125 0.059375
4 0.703125 0.403125 0.021875 0.075
5 0.653125 0.3703125 0.0203125 0.06875
4 0.8140625 0.4625 0.0171875 0.075
5 0.8 0.49375 0.01875 0.0828125
4 0.6265625 0.3609375 0.025 0.0640625
5 0.515625 0.478125 0.0203125 0.0796875
5 0.8484375 0.490625 0.0203125 0.075
5 0.7578125 0.534375 0.021875 0.0859375
4 0.446875 0.3796875 0.0171875 0.065625
5 0.53125 0.425 0.025 0.0734375
4 0.265625 0.3296875 0.021875 0.059375
3 0.3234375 0.35625 0.01875 0.071875
4 0.3421875 0.43828125 0.03125 0.08125
4 0.39296875 0.50625 0.0328125 0.0859375
4 0.703125 0.565625 0.0265625 0.0890625
4 0.025 0.5796875 0.0359375 0.09375
2 0.79140625 0.421875 0.0171875 0.0765625
1 0.47109375 0.21015625 0.0078125 0.0640625