4 0.590625 0.27734375 0.0078125 0.03125
5 0.5515625 0.3046875 0.009375 0.034375
5 0.728125 0.3828125 0.009375 0.0359375
4 0.3484375 0.3515625 0.0125 0.0421875
4 0.690625 0.2921875 0.0078125 0.0375
5 0.5734375 0.3421875 0.0109375 0.040625
5 0.47265625 0.3484375 0.0109375 0.04375
4 0.628125 0.309375 0.0078125 0.0375
4 0.5171875 0.365625 0.009375 0.0453125
3 0.5078125 0.37890625 0.009375 0.0453125
4 0.7328125 0.3984375 0.0125 0.05
5 0.6515625 0.353125 0.0078125 0.040625
5 0.5125 0.43984375 0.0203125 0.053125
2 0.078125 0.35703125 0.0140625 0.0375
5 0.8171875 0.440625 0.015625 0.0515625
5 0.8359375 0.5 0.0125 0.0546875
5 0.5828125 0.4375 0.0109375 0.046875
5 0.6859375 0.4984375 0.0109375 0.05625
4 0.2921875 0.4421875 0.0109375 0.053125
4 0.7953125 0.4203125 0.0171875 0.05
4 0.2140625 0.43671875 0.0140625 0.053125
4 0.8171875 0.690625 0.01875 0.078125
0 0.215625 0.45 0.0046875 0.009375
3 0.240625 0.2796875 0.009375 0.0328125
1 0.95625 0.25390625 0.00625 0.0484375