5 0.3203125 0.21796875 0.0140625 0.053125
0 0.80625 0.31875 0.00625 0.009375
3 0.4125 0.07734375 0.009375 0.0453125
4 0.396875 0.371875 0.015625 0.0734375
4 0.534375 0.0890625 0.0109375 0.0453125
4 0.1546875 0.625 0.028125 0.0921875
4 0.3203125 0.234375 0.0109375 0.0640625
5 0.478125 0.2421875 0.0109375 0.0625
3 0.39375 0.3875 0.0140625 0.0734375
5 0.56953125 0.175 0.0109375 0.0546875
4 0.81875 0.2875 0.0203125 0.0640625
5 0.4359375 0.303125 0.0171875 0.05625
5 0.1578125 0.5828125 0.028125 0.0828125
5 0.271875 0.32578125 0.015625 0.0671875
4 0.540625 0.290625 0.0125 0.0671875
5 0.6546875 0.303125 0.0140625 0.06875
4 0.240625 0.39453125 0.015625 0.075
5 0.3890625 0.4625 0.0203125 0.0765625
5 0.228125 0.4125 0.021875 0.078125
4 0.8359375 0.51015625 0.0234375 0.0890625
5 0.64453125 0.5234375 0.0234375 0.084375
4 0.3859375 0.5578125 0.0234375 0.0859375
4 0.3234375 0.9 0.0296875 0.1125