4 0.7859375 0.378125 0.0078125 0.0453125
4 0.778125 0.346875 0.0078125 0.0375
5 0.790625 0.3671875 0.0109375 0.046875
4 0.74375 0.5234375 0.009375 0.0546875
5 0.5671875 0.28125 0.0078125 0.0328125
2 0.175 0.378125 0.0140625 0.040625
5 0.7546875 0.5140625 0.0109375 0.0515625
4 0.48125 0.6234375 0.0109375 0.0578125
5 0.2953125 0.3296875 0.009375 0.0375
4 0.790625 0.48515625 0.009375 0.05625
3 0.5796875 0.38125 0.009375 0.04375
4 0.65234375 0.3953125 0.0109375 0.04375
5 0.084375 0.45625 0.0125 0.05
5 0.69453125 0.3578125 0.009375 0.0375
4 0.41875 0.3828125 0.0078125 0.04375
4 0.53046875 0.31796875 0.0078125 0.0359375
4 0.73046875 0.621875 0.0203125 0.0625
3 0.86015625 0.925 0.0234375 0.0890625
5 0.35625 0.775 0.0203125 0.075
5 0.78125 0.57578125 0.0140625 0.059375
5 0.66875 0.6453125 0.015625 0.0671875
4 0.3515625 0.446875 0.0125 0.053125
5 0.40703125 0.4421875 0.0140625 0.053125
0 0.18359375 0.3953125 0.00625 0.0109375
3 0.3625 0.2421875 0.0078125 0.034375
1 0.2828125 0.24296875 0.015625 0.0296875