5 0.5984375 0.2765625 0.0078125 0.03125
5 0.2984375 0.309375 0.009375 0.0390625
4 0.6578125 0.39296875 0.0109375 0.04375
4 0.56875 0.31796875 0.0109375 0.034375
4 0.79296875 0.371875 0.009375 0.040625
4 0.75703125 0.3421875 0.00625 0.0375
4 0.7515625 0.52421875 0.0078125 0.0546875
5 0.74375 0.4734375 0.0109375 0.05
5 0.78515625 0.359375 0.0078125 0.0421875
5 0.775 0.57734375 0.0109375 0.059375
2 0.2109375 0.384375 0.0140625 0.0484375
5 0.1015625 0.4671875 0.0109375 0.0484375
5 0.7046875 0.353125 0.0078125 0.0375
4 0.3421875 0.421875 0.0078125 0.05
4 0.45 0.38125 0.0078125 0.040625
3 0.628125 0.3859375 0.0078125 0.04375
4 0.796875 0.4890625 0.009375 0.05625
5 0.43125 0.4171875 0.009375 0.05
4 0.72421875 0.6125 0.0171875 0.0625
5 0.35 0.76484375 0.0203125 0.075
5 0.6453125 0.603125 0.0125 0.0640625
4 0.509375 0.6234375 0.0140625 0.0625
3 0.853125 0.93125 0.0265625 0.0859375
0 0.228125 0.4046875 0.00625 0.0109375
3 0.359375 0.24453125 0.009375 0.034375
1 0.28828125 0.2421875 0.0109375 0.028125