4 0.7359375 0.3453125 0.0078125 0.0359375
5 0.58125 0.32265625 0.00625 0.0359375
5 0.671875 0.353125 0.0078125 0.0359375
4 0.76875 0.375 0.0078125 0.0421875
4 0.6671875 0.390625 0.0109375 0.0390625
5 0.303125 0.3140625 0.0125 0.034375
5 0.7453125 0.36015625 0.0109375 0.040625
4 0.51953125 0.5890625 0.0109375 0.053125
5 0.725 0.45625 0.0140625 0.04375
5 0.45 0.4328125 0.0125 0.0484375
4 0.459375 0.39375 0.0078125 0.040625
4 0.696875 0.5171875 0.0109375 0.0546875
4 0.7859375 0.4734375 0.0109375 0.053125
2 0.1953125 0.3953125 0.015625 0.046875
3 0.6296875 0.38671875 0.0109375 0.04375
4 0.3046875 0.4390625 0.009375 0.0484375
3 0.88828125 0.9390625 0.028125 0.090625
4 0.7109375 0.6 0.0171875 0.0640625
5 0.74375 0.571875 0.0171875 0.0609375
5 0.11953125 0.53828125 0.0109375 0.059375
5 0.62734375 0.5671875 0.0171875 0.0578125
5 0.4359375 0.828125 0.0296875 0.075
0 0.26875 0.3796875 0.00625 0.0125
3 0.3578125 0.25390625 0.0078125 0.0296875
1 0.25078125 0.25390625 0.025 0.0375