5 0.4015625 0.2765625 0.009375 0.03125
5 0.7015625 0.309375 0.0109375 0.0390625
4 0.3421875 0.39296875 0.009375 0.04375
4 0.43125 0.31796875 0.0109375 0.034375
4 0.20703125 0.371875 0.009375 0.040625
4 0.24296875 0.3421875 0.0078125 0.0375
4 0.2484375 0.52421875 0.0078125 0.0546875
5 0.25625 0.4734375 0.009375 0.05
5 0.21484375 0.359375 0.0078125 0.0421875
5 0.225 0.57734375 0.0109375 0.059375
2 0.7890625 0.384375 0.0140625 0.0484375
5 0.8984375 0.4671875 0.0109375 0.0484375
5 0.2953125 0.353125 0.0078125 0.0375
4 0.6578125 0.421875 0.009375 0.05
4 0.55 0.38125 0.0078125 0.040625
3 0.371875 0.3859375 0.0078125 0.04375
4 0.203125 0.4890625 0.009375 0.05625
5 0.56875 0.4171875 0.009375 0.05
4 0.27578125 0.6125 0.015625 0.0625
5 0.65 0.76484375 0.01875 0.075
5 0.3546875 0.603125 0.0125 0.0640625
4 0.490625 0.6234375 0.0140625 0.0625
3 0.146875 0.93125 0.025 0.0859375
0 0.771875 0.4046875 0.0046875 0.0109375
3 0.640625 0.24453125 0.009375 0.034375
1 0.71171875 0.24296875 0.0109375 0.0296875