4 0.3296875 0.3578125 0.009375 0.0328125
2 0.909375 0.36953125 0.009375 0.0328125
5 0.43125 0.371875 0.015625 0.0375
5 0.5421875 0.321875 0.0078125 0.0328125
5 0.6390625 0.39453125 0.015625 0.0375
4 0.5796875 0.403125 0.0125 0.0375
4 0.4421875 0.465625 0.009375 0.046875
3 0.47890625 0.4421875 0.0140625 0.0453125
4 0.7234375 0.4109375 0.0078125 0.046875
4 0.70703125 0.5546875 0.015625 0.05
5 0.3125 0.415625 0.0078125 0.046875
4 0.5140625 0.5078125 0.009375 0.053125
4 0.278125 0.4359375 0.0140625 0.0484375
3 0.93828125 0.75546875 0.025 0.078125
4 0.2140625 0.56015625 0.0109375 0.059375
5 0.7734375 0.534375 0.0140625 0.0578125
5 0.6140625 0.51015625 0.0109375 0.0515625
4 0.6296875 0.47578125 0.0109375 0.046875
5 0.4265625 0.4828125 0.01875 0.046875
5 0.540625 0.49375 0.015625 0.053125
4 0.28515625 0.671875 0.021875 0.0609375
5 0.378125 0.590625 0.01875 0.0546875
5 0.20625 0.66875 0.0234375 0.0671875
0 0.6046875 0.4796875 0.0046875 0.0125
3 0.26875 0.2578125 0.009375 0.034375
1 0.79609375 0.23515625 0.0046875 0.0328125