3 0.7546875 0.2671875 0.0078125 0.0296875
4 0.33125 0.3796875 0.0125 0.0484375
5 0.3234375 0.3359375 0.0109375 0.0359375
4 0.57890625 0.40078125 0.0109375 0.0484375
5 0.3203125 0.37734375 0.0171875 0.0515625
4 0.409375 0.3640625 0.0109375 0.0421875
4 0.4796875 0.3421875 0.0078125 0.04375
4 0.70078125 0.3265625 0.0125 0.04375
4 0.84765625 0.3859375 0.0203125 0.0515625
5 0.8421875 0.4328125 0.015625 0.05625
4 0.5703125 0.496875 0.0125 0.05625
5 0.6171875 0.3515625 0.0109375 0.0453125
5 0.3953125 0.390625 0.0109375 0.046875
4 0.875 0.49453125 0.0203125 0.059375
3 0.46484375 0.43046875 0.0140625 0.0515625
5 0.5484375 0.42578125 0.01875 0.0484375
5 0.88125 0.5578125 0.0234375 0.065625
4 0.2703125 0.6171875 0.0203125 0.0640625
4 0.85625 0.7328125 0.0234375 0.075
5 0.228125 0.546875 0.015625 0.059375
5 0.503125 0.5390625 0.015625 0.0625
5 0.1890625 0.44765625 0.0125 0.0578125
0 0.33671875 0.3421875 0.00625 0.0109375