4 0.75078125 0.7546875 0.03046875 0.1
5 0.6015625 0.43984375 0.0234375 0.0765625
5 0.49921875 0.534375 0.01953125 0.07265625
2 0.33984375 0.46484375 0.0203125 0.06484375
5 0.965625 0.390625 0.01640625 0.075
4 0.89765625 0.3359375 0.01875 0.065625
5 0.8109375 0.58203125 0.02265625 0.084375
5 0.81640625 0.46796875 0.02421875 0.07578125
4 0.68828125 0.41796875 0.0265625 0.0609375
5 0.73359375 0.39765625 0.02421875 0.08515625
5 0.703125 0.46640625 0.03515625 0.08359375
0 0.6796875 0.44296875 0.00546875 0.009375