4 0.49609375 0.7046875 0.0203125 0.09453125
4 0.384375 0.753125 0.02734375 0.1078125
5 0.346875 0.37109375 0.02421875 0.0828125
5 0.36796875 0.5796875 0.01953125 0.07734375
5 0.453125 0.71953125 0.02109375 0.09375
5 0.5015625 0.44375 0.0203125 0.06796875
5 0.575 0.3765625 0.0203125 0.0578125
4 0.7703125 0.48984375 0.01640625 0.06484375
4 0.53515625 0.325 0.01875 0.0609375
4 0.484375 0.5625 0.01875 0.08828125
5 0.41171875 0.46015625 0.0203125 0.0359375
4 0.44453125 0.45078125 0.02109375 0.06640625
5 0.38828125 0.46484375 0.01875 0.06015625
2 0.34375 0.43828125 0.03046875 0.075
5 0.4734375 0.3671875 0.01796875 0.059375
5 0.98984375 0.7 0.0203125 0.1375
0 0.46640625 0.1484375 0.00859375 0.0171875