5 0.13359375 0.55703125 0.0421875 0.128125
4 0.846875 0.534375 0.02578125 0.11640625
5 0.25703125 0.2125 0.01953125 0.11171875
5 0.590625 0.4984375 0.03203125 0.10859375
4 0.46640625 0.51875 0.02421875 0.10859375
4 0.740625 0.44140625 0.0265625 0.1125
5 0.47578125 0.64765625 0.0234375 0.125
4 0.2953125 0.4421875 0.01953125 0.10390625
5 0.553125 0.471875 0.028125 0.10625
4 0.5671875 0.359375 0.01953125 0.08203125
5 0.6234375 0.50234375 0.02109375 0.1015625
4 0.70625 0.42109375 0.01953125 0.1109375
4 0.625 0.4359375 0.01484375 0.04765625
4 0.59609375 0.4421875 0.0234375 0.028125
4 0.65625 0.36953125 0.01484375 0.09375
4 0.6890625 0.39140625 0.01484375 0.096875
2 0.74609375 0.38671875 0.0140625 0.0984375
0 0.23828125 0.240625 0.0078125 0.01484375
5 0.67109375 0.403125 0.02265625 0.09921875