5 0.46796875 0.41796875 0.01953125 0.08828125
5 0.26640625 0.33046875 0.021875 0.084375
5 0.3828125 0.35703125 0.01875 0.08828125
5 0.74453125 0.5296875 0.021875 0.096875
4 0.03046875 0.44140625 0.01875 0.09609375
4 0.1546875 0.28046875 0.01640625 0.0671875
4 0.3203125 0.453125 0.01875 0.0921875
5 0.3546875 0.35 0.021875 0.08125
4 0.246875 0.3234375 0.015625 0.09609375
4 0.74765625 0.775 0.0265625 0.13046875
4 0.86640625 0.84296875 0.03125 0.14375
5 0.72734375 0.53046875 0.01953125 0.1234375
2 0.559375 0.29296875 0.02421875 0.08203125
0 0.8375 0.78671875 0.0125 0.03515625
4 0.1890625 0.33671875 0.01875 0.10234375
5 0.29140625 0.31484375 0.01328125 0.08046875
5 0.31484375 0.31953125 0.01875 0.090625
5 0.33125 0.32734375 0.0125 0.10625
4 0.340625 0.34375 0.00859375 0.08671875
4 0.30078125 0.34140625 0.01796875 0.0734375
5 0.2546875 0.2953125 0.009375 0.05703125