4 0.4125 0.446875 0.01484375 0.05859375
4 0.3453125 0.5640625 0.0234375 0.071875
5 0.6421875 0.53203125 0.01875 0.0765625
4 0.91015625 0.6953125 0.02109375 0.09375
5 0.97734375 0.6453125 0.0203125 0.0921875
2 0.30078125 0.45234375 0.015625 0.0875
4 0.5171875 0.55546875 0.034375 0.0828125
4 0.52421875 0.46796875 0.0203125 0.07265625
5 0.40625 0.46796875 0.01953125 0.07890625
5 0.45703125 0.76484375 0.03359375 0.109375
4 0.4375 0.503125 0.021875 0.075
4 0.534375 0.38515625 0.0328125 0.07890625
4 0.628125 0.38046875 0.01796875 0.065625
0 0.53515625 0.21796875 0.01484375 0.03203125
5 0.4890625 0.68984375 0.025 0.125
4 0.4703125 0.70859375 0.01484375 0.08125
5 0.425 0.4109375 0.01640625 0.0828125
5 0.56640625 0.33046875 0.01484375 0.0703125