4 0.390625 0.3046875 0.0109375 0.040625
4 0.7625 0.3140625 0.0078125 0.0390625
5 0.41171875 0.3109375 0.0125 0.0453125
3 0.1890625 0.3078125 0.009375 0.0390625
4 0.2953125 0.32265625 0.0140625 0.0390625
4 0.840625 0.3125 0.0109375 0.0484375
5 0.7546875 0.33828125 0.009375 0.046875
5 0.51875 0.35703125 0.0140625 0.0453125
5 0.528125 0.3171875 0.0109375 0.0453125
5 0.6296875 0.3234375 0.0078125 0.04375
3 0.5734375 0.34921875 0.0140625 0.0484375
5 0.8671875 0.321875 0.0171875 0.04375
4 0.6359375 0.3671875 0.0140625 0.0484375
4 0.3671875 0.3703125 0.0125 0.05
4 0.1828125 0.3828125 0.0125 0.0578125
4 0.859375 0.46875 0.0125 0.05625
5 0.6578125 0.3671875 0.0125 0.053125
5 0.88515625 0.43515625 0.01875 0.059375
5 0.5484375 0.43828125 0.0109375 0.0578125
4 0.4171875 0.56796875 0.0140625 0.0703125
5 0.2453125 0.50625 0.0171875 0.0734375
4 0.1671875 0.46875 0.0125 0.06875
0 0.29765625 0.328125 0.00625 0.0109375
1 0.89609375 0.27734375 0.0171875 0.04375