4 0.75234375 0.42734375 0.0078125 0.0296875
5 0.3375 0.4328125 0.0078125 0.0359375
4 0.3734375 0.4296875 0.0125 0.034375
4 0.390625 0.446875 0.0125 0.0359375
5 0.659375 0.4921875 0.009375 0.0390625
4 0.45625 0.4109375 0.0125 0.0359375
5 0.71484375 0.4484375 0.0140625 0.0375
4 0.646875 0.503125 0.015625 0.040625
4 0.375 0.4890625 0.0171875 0.040625
5 0.3140625 0.4546875 0.0125 0.0421875
2 0.153125 0.4515625 0.0078125 0.04375
5 0.5453125 0.478125 0.0125 0.0390625
3 0.60625 0.45625 0.0109375 0.0390625
4 0.27734375 0.5015625 0.009375 0.0453125
5 0.8109375 0.47421875 0.0125 0.040625
5 0.4359375 0.559375 0.0109375 0.046875
4 0.1125 0.625 0.0140625 0.0546875
4 0.84609375 0.5609375 0.0125 0.053125
5 0.8546875 0.53203125 0.0125 0.04375
5 0.821875 0.59375 0.01875 0.0515625
5 0.2375 0.525 0.015625 0.0453125
4 0.72109375 0.6265625 0.0234375 0.0515625
3 0.390625 0.3671875 0.009375 0.0296875
0 0.65703125 0.51875 0.0046875 0.0078125
1 0.22578125 0.3578125 0.0078125 0.0390625