4 0.54453125 0.459375 0.0109375 0.034375
4 0.746875 0.42578125 0.0078125 0.0359375
4 0.6796875 0.5390625 0.0125 0.040625
5 0.759375 0.4390625 0.009375 0.034375
5 0.6828125 0.5046875 0.009375 0.0390625
5 0.4859375 0.478125 0.009375 0.04375
3 0.63125 0.4875 0.0109375 0.04375
5 0.6859375 0.571875 0.009375 0.05625
4 0.465625 0.5203125 0.015625 0.0390625
5 0.484375 0.525 0.0109375 0.04375
4 0.2453125 0.553125 0.0109375 0.0484375
2 0.1484375 0.4890625 0.0125 0.0453125
5 0.8078125 0.58125 0.0109375 0.0546875
5 0.77890625 0.4921875 0.009375 0.04375
4 0.85546875 0.6171875 0.0171875 0.0609375
4 0.6640625 0.7203125 0.015625 0.0625
5 0.803125 0.6671875 0.015625 0.0625
4 0.33828125 0.4703125 0.0078125 0.0421875
5 0.4578125 0.6125 0.015625 0.0546875
4 0.371875 0.71015625 0.021875 0.0625
3 0.93984375 0.8265625 0.0234375 0.084375
0 0.30703125 0.528125 0.00625 0.0125
3 0.415625 0.37578125 0.009375 0.0296875
4 0.5375 0.403125 0.009375 0.034375
5 0.5921875 0.4375 0.0109375 0.0390625
1 0.25234375 0.37265625 0.015625 0.0296875