5 0.515625 0.34375 0.0125 0.04375
5 0.4015625 0.328125 0.0125 0.0390625
3 0.7390625 0.321875 0.009375 0.040625
5 0.41484375 0.3546875 0.0109375 0.0421875
4 0.38125 0.3515625 0.0125 0.040625
4 0.46328125 0.334375 0.0109375 0.0375
4 0.653125 0.35 0.0109375 0.040625
4 0.4890625 0.3671875 0.0140625 0.040625
3 0.4 0.39921875 0.0109375 0.0578125
5 0.25703125 0.36796875 0.0140625 0.0515625
4 0.303125 0.40546875 0.0140625 0.05
5 0.1984375 0.4375 0.015625 0.059375
5 0.609375 0.384375 0.0125 0.053125
5 0.28125 0.40625 0.0140625 0.053125
4 0.56875 0.753125 0.0203125 0.090625
5 0.1453125 0.521875 0.0171875 0.0671875
5 0.5171875 0.4609375 0.0140625 0.0578125
4 0.8296875 0.521875 0.015625 0.0703125
4 0.175 0.5203125 0.028125 0.0734375
4 0.2234375 0.715625 0.015625 0.0859375
4 0.76171875 0.4046875 0.0109375 0.059375
5 0.359375 0.521875 0.0203125 0.065625
0 0.4265625 0.3625 0.00625 0.0109375