4 0.5359375 0.46015625 0.0109375 0.0328125
5 0.5671875 0.4875 0.0109375 0.0390625
5 0.36875 0.50703125 0.0078125 0.0375
5 0.25625 0.49296875 0.009375 0.040625
2 0.84375 0.51328125 0.009375 0.04375
4 0.85625 0.56875 0.0109375 0.0375
5 0.3546875 0.55625 0.009375 0.04375
5 0.534375 0.5234375 0.009375 0.040625
4 0.690625 0.46875 0.0078125 0.0359375
5 0.23125 0.578125 0.0140625 0.046875
4 0.615625 0.55703125 0.0125 0.04375
3 0.4828125 0.4953125 0.009375 0.0390625
4 0.3078125 0.54375 0.00625 0.0421875
4 0.715625 0.69296875 0.009375 0.0578125
5 0.6734375 0.61328125 0.009375 0.0515625
5 0.271875 0.6625 0.009375 0.0578125
4 0.4125 0.7078125 0.0140625 0.059375
4 0.1421875 0.6125 0.0125 0.0546875
3 0.1375 0.78046875 0.0171875 0.0703125
0 0.84375 0.5890625 0.0078125 0.0125
3 0.625 0.3921875 0.0078125 0.0234375
4 0.5203125 0.4234375 0.0109375 0.03125
5 0.4671875 0.4453125 0.009375 0.0359375
4 0.303125 0.44296875 0.0078125 0.034375
5 0.3078125 0.4484375 0.0078125 0.03125
1 0.73984375 0.39140625 0.003125 0.0171875