5 0.6453125 0.45078125 0.0078125 0.0296875
5 0.6375 0.40703125 0.0078125 0.03125
4 0.6375 0.465625 0.00625 0.0359375
5 0.725 0.446875 0.009375 0.0359375
4 0.52109375 0.396875 0.0078125 0.0296875
3 0.646875 0.484375 0.0078125 0.0421875
4 0.403125 0.45 0.0078125 0.0390625
5 0.9046875 0.4703125 0.0109375 0.040625
5 0.778125 0.4453125 0.0078125 0.0328125
5 0.921875 0.528125 0.0109375 0.04375
4 0.809375 0.4859375 0.009375 0.040625
5 0.7828125 0.50703125 0.009375 0.0390625
2 0.2765625 0.45703125 0.0140625 0.040625
4 0.9 0.52578125 0.0109375 0.05
4 0.296875 0.540625 0.0109375 0.04375
5 0.81015625 0.59765625 0.0109375 0.0546875
3 0.9890625 0.80078125 0.021875 0.078125
5 0.609375 0.5609375 0.0078125 0.0515625
4 0.69375 0.5796875 0.01875 0.0515625
0 0.3171875 0.53515625 0.00625 0.009375
4 0.6578125 0.421875 0.009375 0.034375
4 0.675 0.38125 0.009375 0.0296875
3 0.553125 0.34453125 0.0046875 0.021875
4 0.859375 0.4203125 0.009375 0.0328125
5 0.88125 0.4328125 0.0125 0.0375
1 0.47734375 0.3328125 0.0078125 0.03125
1 0.07734375 0.52421875 0.009375 0.0265625