4 0.28125 0.4671875 0.0171875 0.0390625
4 0.4390625 0.40625 0.009375 0.0328125
5 0.2609375 0.478125 0.0125 0.0390625
3 0.4 0.4859375 0.0078125 0.04375
4 0.184375 0.4875 0.0078125 0.040625
4 0.4234375 0.4171875 0.0109375 0.0359375
5 0.40234375 0.50546875 0.0109375 0.0453125
4 0.090625 0.55 0.0109375 0.046875
5 0.6375 0.4328125 0.0078125 0.040625
5 0.11875 0.528125 0.0125 0.05
4 0.603125 0.4296875 0.009375 0.0390625
4 0.8890625 0.6515625 0.0109375 0.0703125
5 0.228125 0.5625 0.0125 0.053125
5 0.90625 0.540625 0.0140625 0.053125
5 0.5875 0.5296875 0.0109375 0.053125
5 0.4390625 0.6 0.0140625 0.059375
5 0.9109375 0.6609375 0.0140625 0.06875
4 0.41171875 0.59765625 0.0171875 0.053125
4 0.571875 0.5390625 0.0125 0.0515625
3 0.94375 0.8390625 0.015625 0.0921875
4 0.2765625 0.45625 0.0078125 0.040625
2 0.3390625 0.4171875 0.015625 0.034375
5 0.43203125 0.4171875 0.009375 0.0375
3 0.525 0.3375 0.0078125 0.0296875
1 0.51015625 0.33828125 0.0109375 0.0265625
1 0.0453125 0.5421875 0.0109375 0.0375