4 0.71875 0.4671875 0.0171875 0.0390625
4 0.5609375 0.40625 0.009375 0.0328125
5 0.7390625 0.478125 0.0125 0.0390625
3 0.6 0.4859375 0.009375 0.04375
4 0.815625 0.4875 0.009375 0.040625
4 0.5765625 0.4171875 0.0109375 0.0359375
5 0.59765625 0.50546875 0.0109375 0.0453125
4 0.909375 0.55 0.0125 0.046875
5 0.3625 0.4328125 0.00625 0.040625
5 0.88125 0.528125 0.0125 0.05
4 0.396875 0.4296875 0.009375 0.0390625
4 0.11328125 0.6515625 0.0109375 0.0703125
5 0.771875 0.5625 0.0125 0.053125
5 0.09375 0.540625 0.0140625 0.053125
5 0.4125 0.5296875 0.0109375 0.053125
5 0.5609375 0.6 0.0140625 0.059375
5 0.0890625 0.6609375 0.0125 0.06875
4 0.58828125 0.59765625 0.0171875 0.053125
4 0.428125 0.5390625 0.0125 0.0515625
3 0.05625 0.8390625 0.015625 0.0921875
5 0.7234375 0.45625 0.0078125 0.040625
2 0.6609375 0.4171875 0.015625 0.034375
4 0.56796875 0.4171875 0.009375 0.0375
3 0.475 0.3375 0.0078125 0.0296875
1 0.49140625 0.33828125 0.0140625 0.0265625
1 0.9484375 0.54453125 0.0265625 0.053125