5 0.69609375 0.3734375 0.0109375 0.040625
4 0.5078125 0.3671875 0.00625 0.034375
5 0.33515625 0.375 0.0109375 0.04375
4 0.8640625 0.459375 0.0109375 0.053125
4 0.79296875 0.3984375 0.0125 0.0390625
5 0.7265625 0.43125 0.0109375 0.04375
5 0.5265625 0.3875 0.009375 0.0390625
4 0.6828125 0.41328125 0.009375 0.0453125
5 0.1625 0.51015625 0.0140625 0.0578125
5 0.4265625 0.421875 0.0109375 0.0484375
5 0.8671875 0.4953125 0.0140625 0.059375
4 0.8125 0.56015625 0.015625 0.0578125
2 0.1421875 0.40625 0.0109375 0.046875
5 0.69296875 0.53046875 0.0109375 0.053125
4 0.4 0.40703125 0.0078125 0.0421875
4 0.715625 0.48125 0.0140625 0.0515625
4 0.8828125 0.50703125 0.0140625 0.059375
4 0.525 0.55703125 0.0140625 0.0578125
3 0.59921875 0.459375 0.0109375 0.0484375
4 0.3546875 0.47421875 0.0125 0.05625
5 0.3171875 0.653125 0.01875 0.0734375
3 0.8546875 0.359375 0.0125 0.040625
5 0.46953125 0.3484375 0.0125 0.0390625
0 0.1765625 0.534375 0.00625 0.0125
1 0.21796875 0.3203125 0.015625 0.04375