5 0.42109375 0.41875 0.0078125 0.034375
4 0.6421875 0.4421875 0.0109375 0.0375
5 0.6625 0.4390625 0.0125 0.0359375
4 0.384375 0.421875 0.00625 0.0359375
4 0.35 0.475 0.009375 0.0390625
5 0.471875 0.4671875 0.0109375 0.04375
4 0.15 0.56171875 0.0171875 0.04375
3 0.41953125 0.496875 0.009375 0.0453125
5 0.6359375 0.5515625 0.0125 0.0515625
5 0.8484375 0.55703125 0.0109375 0.0578125
5 0.4171875 0.553125 0.0125 0.05
4 0.621875 0.5578125 0.015625 0.05
5 0.8640625 0.62734375 0.0140625 0.059375
4 0.8515625 0.6171875 0.0140625 0.065625
3 0.8875 0.81484375 0.0140625 0.0859375
4 0.2890625 0.5328125 0.009375 0.0484375
5 0.43984375 0.63046875 0.0140625 0.0640625
4 0.396875 0.6171875 0.0171875 0.0546875
5 0.21640625 0.6078125 0.0203125 0.0578125
3 0.5171875 0.346875 0.00625 0.0234375
4 0.071875 0.5453125 0.0109375 0.0484375
5 0.0625 0.553125 0.015625 0.034375
0 0.053125 0.5703125 0.0046875 0.0078125
2 0.325 0.4125 0.0125 0.0421875
1 0.47109375 0.340625 0.009375 0.025
1 0.0140625 0.54453125 0.0125 0.059375