5 0.3109375 0.440625 0.00625 0.03125
4 0.5703125 0.4375 0.00625 0.0296875
4 0.56953125 0.4765625 0.00625 0.034375
5 0.47109375 0.44453125 0.00625 0.0328125
4 0.25703125 0.54921875 0.0140625 0.040625
4 0.7046875 0.47265625 0.009375 0.034375
5 0.2265625 0.48046875 0.009375 0.0390625
4 0.8921875 0.559375 0.009375 0.04375
5 0.625 0.4921875 0.0078125 0.0390625
5 0.3828125 0.51875 0.0078125 0.040625
3 0.0515625 0.784375 0.0265625 0.0703125
5 0.78359375 0.6015625 0.0109375 0.0421875
3 0.584375 0.51953125 0.0125 0.0390625
4 0.0734375 0.61875 0.0109375 0.053125
2 0.871875 0.53046875 0.0140625 0.0375
5 0.5265625 0.509375 0.0078125 0.0375
4 0.60234375 0.58125 0.0078125 0.046875
5 0.13046875 0.6109375 0.0203125 0.05
5 0.34375 0.5609375 0.009375 0.0453125
4 0.3828125 0.715625 0.01875 0.0578125
4 0.7828125 0.68828125 0.0125 0.0578125
5 0.2421875 0.6921875 0.015625 0.0625
4 0.296875 0.440625 0.0078125 0.0328125
0 0.8734375 0.53125 0.00625 0.0109375
1 0.73984375 0.39140625 0.00625 0.025