4 0.3859375 0.440625 0.0109375 0.034375
5 0.38515625 0.4796875 0.0140625 0.0515625
5 0.3609375 0.4328125 0.009375 0.0296875
5 0.375 0.459375 0.0125 0.053125
5 0.3953125 0.434375 0.0109375 0.0546875
4 0.35 0.49921875 0.0109375 0.059375
4 0.359375 0.471875 0.0125 0.05625
4 0.81328125 0.390625 0.0109375 0.0375
5 0.5125 0.3796875 0.009375 0.04375
4 0.434375 0.40234375 0.009375 0.0453125
5 0.3359375 0.4953125 0.0125 0.053125
5 0.41484375 0.421875 0.0125 0.05
4 0.5203125 0.375 0.009375 0.040625
5 0.8890625 0.403125 0.0125 0.046875
4 0.84609375 0.415625 0.0203125 0.04375
4 0.4578125 0.4421875 0.0109375 0.0453125
2 0.1484375 0.434375 0.0109375 0.05625
4 0.6765625 0.515625 0.015625 0.0546875
3 0.97265625 0.9671875 0.0296875 0.065625
5 0.9390625 0.571875 0.021875 0.0671875
3 0.6296875 0.4578125 0.0125 0.0546875
4 0.3859375 0.41875 0.0109375 0.046875
3 0.490625 0.3359375 0.0140625 0.0359375
0 0.975 0.4515625 0.009375 0.0125
1 0.2625 0.32109375 0.0046875 0.034375