4 0.86875 0.4125 0.009375 0.0359375
5 0.8515625 0.4125 0.0109375 0.0375
4 0.51484375 0.4015625 0.0078125 0.040625
5 0.575 0.425 0.0078125 0.0421875
4 0.86796875 0.45 0.0109375 0.04375
5 0.728125 0.3671875 0.0078125 0.03125
4 0.5828125 0.36953125 0.0078125 0.03125
5 0.49375 0.40234375 0.009375 0.0390625
4 0.59609375 0.434375 0.0109375 0.0421875
4 0.4453125 0.4046875 0.0078125 0.0359375
5 0.6203125 0.39296875 0.0078125 0.034375
3 0.528125 0.46328125 0.0125 0.0453125
4 0.359375 0.4390625 0.009375 0.0375
4 0.8921875 0.4796875 0.0109375 0.0546875
5 0.90859375 0.4921875 0.0125 0.0484375
5 0.5859375 0.4578125 0.009375 0.040625
2 0.278125 0.42578125 0.015625 0.0375
5 0.6984375 0.4484375 0.0109375 0.04375
4 0.478125 0.521875 0.0140625 0.05
3 0.928125 0.8140625 0.01875 0.0859375
5 0.653125 0.5421875 0.015625 0.0546875
0 0.27265625 0.4625 0.00625 0.0125
3 0.5640625 0.32421875 0.0078125 0.03125
4 0.578125 0.403125 0.0078125 0.0421875
5 0.89296875 0.4453125 0.0125 0.046875
1 0.465625 0.315625 0.00625 0.028125