4 0.89609375 0.534375 0.0171875 0.0421875
5 0.559375 0.4171875 0.0078125 0.0359375
4 0.5859375 0.45625 0.0078125 0.0359375
5 0.603125 0.49375 0.0125 0.0421875
4 0.384375 0.43984375 0.0078125 0.0359375
5 0.5453125 0.4640625 0.0109375 0.0390625
5 0.36953125 0.4375 0.00625 0.0390625
4 0.7265625 0.52265625 0.009375 0.0453125
4 0.40625 0.5453125 0.0109375 0.0484375
5 0.5828125 0.5296875 0.009375 0.046875
5 0.11875 0.5546875 0.009375 0.0546875
5 0.390625 0.5390625 0.009375 0.0484375
4 0.609375 0.590625 0.009375 0.0515625
5 0.1359375 0.6375 0.009375 0.0609375
5 0.596875 0.6 0.0109375 0.0578125
5 0.78828125 0.5828125 0.0125 0.05
3 0.0953125 0.8140625 0.0140625 0.0828125
4 0.153125 0.6375 0.0140625 0.0625
4 0.91875 0.54140625 0.009375 0.04375
4 0.909375 0.54609375 0.0125 0.04375
2 0.640625 0.4171875 0.0109375 0.0359375
4 0.56875 0.42109375 0.0109375 0.0375
1 0.92890625 0.5453125 0.0046875 0.040625
1 0.49375 0.3484375 0.0109375 0.0296875