4 0.6421875 0.34375 0.0109375 0.0421875
4 0.58125 0.26171875 0.0078125 0.0390625
4 0.3328125 0.3703125 0.0125 0.046875
4 0.821875 0.465625 0.0140625 0.0390625
5 0.640625 0.37265625 0.0109375 0.05625
5 0.671875 0.2984375 0.009375 0.040625
5 0.465625 0.315625 0.0140625 0.0390625
5 0.821875 0.509375 0.015625 0.075
5 0.528125 0.3421875 0.0109375 0.046875
4 0.275 0.2921875 0.009375 0.046875
5 0.5375 0.4453125 0.0125 0.065625
5 0.3390625 0.38671875 0.0125 0.0546875
4 0.1515625 0.3890625 0.0109375 0.0609375
4 0.753125 0.3953125 0.0171875 0.0609375
5 0.77734375 0.378125 0.0140625 0.059375
4 0.4734375 0.7203125 0.01875 0.096875
5 0.790625 0.4328125 0.01875 0.065625
4 0.41875 0.4578125 0.0125 0.0734375
3 0.625 0.45078125 0.0140625 0.06875
5 0.5078125 0.47734375 0.0171875 0.06875
4 0.12578125 0.57421875 0.0203125 0.0875
3 0.70625 0.24765625 0.0109375 0.040625
0 0.328125 0.3875 0.0078125 0.0140625