3 0.2390625 0.2359375 0.009375 0.040625
4 0.5265625 0.3421875 0.0140625 0.053125
4 0.6140625 0.284375 0.0125 0.0375
5 0.625 0.2921875 0.015625 0.0453125
4 0.6 0.275 0.015625 0.040625
4 0.5265625 0.3703125 0.0125 0.0546875
5 0.6984375 0.2890625 0.0109375 0.0453125
3 0.4828125 0.309375 0.0140625 0.05
4 0.48125 0.265625 0.0109375 0.0421875
5 0.6359375 0.3359375 0.0109375 0.053125
4 0.25 0.2921875 0.009375 0.046875
5 0.51328125 0.409375 0.0125 0.0625
5 0.3359375 0.3859375 0.0203125 0.0546875
4 0.5578125 0.415625 0.0140625 0.0625
4 0.16875 0.3515625 0.0125 0.0578125
5 0.746875 0.34375 0.0125 0.053125
4 0.33203125 0.47421875 0.0171875 0.075
5 0.696875 0.3875 0.0171875 0.0625
5 0.803125 0.53125 0.0171875 0.0765625
4 0.6953125 0.55 0.0203125 0.08125
5 0.8109375 0.3953125 0.015625 0.0640625
5 0.5359375 0.51875 0.0203125 0.0703125
0 0.178125 0.3671875 0.00625 0.0109375