3 0.1140625 0.246875 0.009375 0.034375
4 0.3375 0.23671875 0.0109375 0.05
5 0.2671875 0.26484375 0.0125 0.034375
4 0.58203125 0.24296875 0.009375 0.0390625
5 0.5375 0.26328125 0.009375 0.040625
3 0.30625 0.37421875 0.015625 0.0546875
5 0.309375 0.33125 0.0109375 0.0453125
4 0.3375 0.3046875 0.0125 0.046875
2 0.95859375 0.3265625 0.0125 0.0546875
4 0.66953125 0.2828125 0.0125 0.0453125
5 0.0921875 0.33046875 0.0125 0.053125
5 0.4578125 0.290625 0.0109375 0.04375
4 0.1171875 0.33125 0.0140625 0.0578125
5 0.6328125 0.2875 0.0125 0.0484375
5 0.1140625 0.540625 0.01875 0.0875
5 0.1078125 0.4 0.01875 0.0671875
4 0.5515625 0.30546875 0.01875 0.053125
4 0.203125 0.39453125 0.0125 0.0640625
4 0.359375 0.76953125 0.01875 0.109375
5 0.3890625 0.4390625 0.0140625 0.0703125
4 0.29375 0.52421875 0.0296875 0.084375
5 0.46875 0.446875 0.021875 0.071875
4 0.8546875 0.5109375 0.0203125 0.0859375
0 0.58515625 0.259375 0.0046875 0.0078125
1 0.81015625 0.21484375 0.003125 0.0421875