4 0.59296875 0.66875 0.028125 0.046875
5 0.2390625 0.353125 0.0125 0.0453125
3 0.975 0.671875 0.028125 0.078125
4 0.2890625 0.36171875 0.009375 0.04375
4 0.5015625 0.3171875 0.009375 0.0390625
5 0.31875 0.4171875 0.0109375 0.0546875
5 0.434375 0.33125 0.009375 0.0421875
5 0.59375 0.38203125 0.0109375 0.053125
4 0.2078125 0.44296875 0.0109375 0.0609375
2 0.9390625 0.4046875 0.0125 0.0546875
5 0.196875 0.4328125 0.0140625 0.059375
3 0.30625 0.453125 0.0140625 0.0609375
5 0.73671875 0.55 0.0171875 0.0734375
4 0.75390625 0.4671875 0.021875 0.05625
5 0.671875 0.634375 0.0265625 0.0796875
5 0.1265625 0.5953125 0.0203125 0.08125
5 0.75 0.628125 0.0203125 0.0609375
4 0.584375 0.396875 0.0125 0.05625
4 0.91015625 0.590625 0.0234375 0.078125
4 0.8140625 0.6671875 0.01875 0.0875
5 0.29609375 0.6296875 0.0203125 0.0859375
4 0.1453125 0.7125 0.0234375 0.0921875
0 0.746875 0.4890625 0.00625 0.0140625
4 0.30625 0.309375 0.0125 0.0390625
3 0.21484375 0.278125 0.009375 0.0359375
1 0.784375 0.2578125 0.0046875 0.0296875