5 0.525 0.25 0.0125 0.05
4 0.4328125 0.240625 0.009375 0.0484375
4 0.47109375 0.25390625 0.0125 0.05
5 0.515625 0.2625 0.021875 0.0515625
4 0.54375 0.2375 0.0140625 0.046875
4 0.59375 0.246875 0.009375 0.053125
5 0.3265625 0.2546875 0.009375 0.0546875
5 0.4484375 0.2546875 0.0109375 0.040625
4 0.340625 0.25546875 0.0109375 0.053125
4 0.13828125 0.275 0.009375 0.053125
2 0.8578125 0.26953125 0.015625 0.0609375
5 0.58125 0.296875 0.0140625 0.05625
4 0.6515625 0.275 0.0125 0.0546875
5 0.0828125 0.2734375 0.0140625 0.0578125
4 0.725 0.315625 0.015625 0.0578125
3 0.3578125 0.27578125 0.015625 0.05625
5 0.11875 0.346875 0.021875 0.065625
5 0.4390625 0.28671875 0.0171875 0.059375
4 0.1515625 0.346875 0.0140625 0.0671875
5 0.4859375 0.3859375 0.028125 0.0640625
0 0.4796875 0.271875 0.00625 0.0109375
5 0.46875 0.21015625 0.0109375 0.0375
4 0.4734375 0.2390625 0.0140625 0.0484375
1 0.63515625 0.171875 0.015625 0.05625