3 0.16875 0.1625 0.0125 0.0546875
5 0.41875 0.1703125 0.0171875 0.0484375
5 0.5390625 0.1859375 0.015625 0.04375
4 0.60625 0.1703125 0.0109375 0.0484375
4 0.684375 0.18125 0.0109375 0.053125
4 0.525 0.203125 0.0203125 0.05
4 0.26484375 0.190625 0.0109375 0.05625
4 0.459375 0.19375 0.0171875 0.0640625
5 0.44609375 0.196875 0.0140625 0.059375
5 0.65390625 0.18984375 0.0140625 0.0453125
5 0.19453125 0.1953125 0.0140625 0.0578125
5 0.62890625 0.1625 0.0140625 0.04375
5 0.134375 0.265625 0.0140625 0.0703125
4 0.7 0.19765625 0.01875 0.0453125
4 0.284375 0.2625 0.0171875 0.0671875
4 0.775 0.24375 0.0140625 0.0671875
3 0.5546875 0.24375 0.0171875 0.0640625
4 0.63125 0.23125 0.0125 0.0640625
5 0.2640625 0.36953125 0.015625 0.0859375
5 0.76171875 0.3265625 0.0140625 0.075
5 0.4546875 0.321875 0.0171875 0.078125
4 0.8515625 0.32421875 0.015625 0.075