5 0.4046875 0.25703125 0.0125 0.0359375
4 0.4359375 0.3015625 0.0109375 0.0296875
4 0.30390625 0.24375 0.0109375 0.0375
5 0.26875 0.253125 0.0078125 0.040625
4 0.7375 0.253125 0.00625 0.0390625
4 0.5703125 0.2484375 0.009375 0.0375
5 0.7203125 0.27734375 0.0171875 0.04375
3 0.7765625 0.2296875 0.0140625 0.0359375
4 0.2453125 0.271875 0.0125 0.040625
4 0.353125 0.365625 0.0125 0.05625
5 0.228125 0.28515625 0.0109375 0.05
5 0.16875 0.34375 0.0125 0.0609375
5 0.3625 0.2921875 0.0109375 0.0484375
4 0.43828125 0.3359375 0.0140625 0.0546875
3 0.48203125 0.30703125 0.0109375 0.053125
5 0.5296875 0.3390625 0.0109375 0.0546875
4 0.6265625 0.4171875 0.015625 0.0625
5 0.2875 0.3515625 0.0109375 0.059375
4 0.196875 0.43515625 0.015625 0.06875
4 0.8765625 0.3234375 0.0140625 0.053125
5 0.4109375 0.42734375 0.015625 0.06875
5 0.140625 0.434375 0.0125 0.0671875
0 0.584375 0.26875 0.0046875 0.0109375