5 0.2921875 0.1796875 0.01875 0.0546875
5 0.3 0.203125 0.0140625 0.0640625
4 0.3140625 0.19375 0.0171875 0.065625
5 0.2625 0.2234375 0.0203125 0.0546875
5 0.2609375 0.275 0.021875 0.0828125
5 0.55 0.15 0.009375 0.0609375
4 0.20234375 0.22578125 0.0109375 0.075
5 0.7984375 0.19453125 0.0125 0.0703125
4 0.6953125 0.1984375 0.015625 0.065625
4 0.42109375 0.203125 0.021875 0.0578125
4 0.7046875 0.2578125 0.0171875 0.0703125
5 0.5828125 0.2 0.015625 0.0703125
4 0.1828125 0.2625 0.0140625 0.075
4 0.4859375 0.228125 0.025 0.0578125
4 0.3828125 0.221875 0.0203125 0.071875
3 0.5359375 0.2640625 0.0203125 0.0796875
5 0.5171875 0.2265625 0.015625 0.06875
5 0.7921875 0.253125 0.0140625 0.078125
5 0.6078125 0.3484375 0.025 0.0765625
4 0.1203125 0.31484375 0.01875 0.0796875
3 0.8171875 0.13046875 0.015625 0.0671875
4 0.3109375 0.1765625 0.021875 0.0640625