4 0.1609375 0.2421875 0.0109375 0.04375
5 0.109375 0.34375 0.0125 0.034375
5 0.15625 0.27578125 0.0125 0.0453125
4 0.284375 0.3046875 0.0109375 0.0515625
0 0.6625 0.5703125 0.0078125 0.0125
4 0.590625 0.240625 0.009375 0.0421875
4 0.4953125 0.3328125 0.0171875 0.053125
5 0.50625 0.28671875 0.0109375 0.0515625
2 0.9359375 0.31875 0.0140625 0.0546875
5 0.11171875 0.4328125 0.015625 0.0578125
5 0.5375 0.35703125 0.0140625 0.059375
4 0.1171875 0.378125 0.0203125 0.05625
5 0.4765625 0.415625 0.0140625 0.0671875
5 0.6671875 0.3171875 0.0109375 0.053125
4 0.453125 0.375 0.0125 0.0578125
5 0.259375 0.3453125 0.0140625 0.0546875
5 0.48359375 0.47734375 0.015625 0.075
5 0.3890625 0.6171875 0.03125 0.0890625
4 0.34609375 0.51015625 0.0234375 0.0703125
4 0.8875 0.53125 0.01875 0.0890625
3 0.28828125 0.38125 0.015625 0.065625
4 0.66875 0.39375 0.0125 0.0703125
4 0.64375 0.690625 0.0203125 0.1015625
3 0.1046875 0.228125 0.0109375 0.046875
1 0.73984375 0.19453125 0.0046875 0.034375