4 0.6515625 0.2390625 0.009375 0.0375
3 0.20390625 0.234375 0.009375 0.0390625
5 0.6734375 0.2515625 0.0140625 0.0359375
4 0.653125 0.3546875 0.0171875 0.05
5 0.709375 0.34453125 0.015625 0.053125
5 0.68125 0.2765625 0.0125 0.040625
3 0.5296875 0.3125 0.01875 0.0484375
5 0.5890625 0.2828125 0.0171875 0.0390625
5 0.446875 0.3203125 0.0109375 0.046875
4 0.35078125 0.2578125 0.0109375 0.0390625
4 0.1890625 0.259375 0.009375 0.040625
5 0.4203125 0.25703125 0.015625 0.0421875
4 0.61875 0.271875 0.0125 0.04375
4 0.4953125 0.425 0.01875 0.0578125
5 0.40390625 0.26328125 0.0125 0.0453125
5 0.8296875 0.38515625 0.028125 0.05
4 0.809375 0.38671875 0.0140625 0.053125
5 0.70078125 0.4125 0.0203125 0.059375
5 0.8375 0.32578125 0.015625 0.053125
4 0.5671875 0.3359375 0.01875 0.05
4 0.1609375 0.3484375 0.01875 0.0609375
4 0.6828125 0.30234375 0.015625 0.04375
1 0.9921875 0.2265625 0.015625 0.040625