5 0.7078125 0.1796875 0.01875 0.0546875
5 0.7 0.203125 0.0140625 0.0640625
4 0.6859375 0.19375 0.0171875 0.065625
5 0.7375 0.2234375 0.0203125 0.0546875
5 0.7390625 0.275 0.021875 0.0828125
5 0.45 0.15 0.009375 0.0609375
4 0.79765625 0.22578125 0.0109375 0.075
5 0.2015625 0.19453125 0.0140625 0.0703125
4 0.3046875 0.1984375 0.015625 0.065625
4 0.57890625 0.203125 0.021875 0.0578125
4 0.2953125 0.2578125 0.0171875 0.0703125
5 0.4171875 0.2 0.015625 0.0703125
4 0.8171875 0.2625 0.0140625 0.075
4 0.5140625 0.228125 0.025 0.0578125
4 0.6171875 0.221875 0.01875 0.071875
3 0.4640625 0.2640625 0.0203125 0.0796875
5 0.4828125 0.2265625 0.015625 0.06875
5 0.2078125 0.253125 0.0140625 0.078125
5 0.3921875 0.3484375 0.0234375 0.0765625
4 0.8796875 0.31484375 0.01875 0.0796875
3 0.1828125 0.13046875 0.0140625 0.0671875
4 0.6890625 0.1765625 0.0203125 0.0640625