5 0.2765625 0.2578125 0.009375 0.0453125
4 0.2828125 0.2609375 0.009375 0.0453125
4 0.4125 0.20546875 0.0125 0.0328125
5 0.2484375 0.284375 0.009375 0.046875
5 0.3859375 0.2203125 0.0171875 0.0375
5 0.2171875 0.30078125 0.009375 0.046875
5 0.340625 0.2765625 0.009375 0.0515625
3 0.484375 0.2359375 0.0078125 0.0421875
4 0.4234375 0.240625 0.0109375 0.0421875
4 0.2546875 0.3234375 0.009375 0.053125
4 0.58203125 0.225 0.009375 0.040625
5 0.2375 0.325 0.0109375 0.0515625
4 0.3265625 0.34765625 0.0171875 0.0546875
4 0.8609375 0.2953125 0.0109375 0.053125
4 0.8359375 0.3671875 0.01875 0.065625
4 0.5234375 0.30703125 0.0171875 0.0484375
5 0.5984375 0.29921875 0.0140625 0.053125
5 0.84375 0.29375 0.0109375 0.0546875
0 0.3953125 0.23515625 0.00625 0.0109375
5 0.4234375 0.20625 0.0140625 0.0390625
2 0.1921875 0.2859375 0.0140625 0.04375
4 0.33984375 0.25703125 0.015625 0.04375
1 0.40234375 0.19140625 0.0046875 0.0359375