4 0.65 0.284375 0.0140625 0.0359375
2 0.07421875 0.3125 0.0109375 0.05
5 0.6796875 0.26875 0.0125 0.034375
4 0.29609375 0.2484375 0.0109375 0.0390625
5 0.7734375 0.3171875 0.0109375 0.046875
5 0.63984375 0.3203125 0.0125 0.05
4 0.34921875 0.31796875 0.0125 0.0453125
4 0.7640625 0.3453125 0.0125 0.0515625
5 0.375 0.31875 0.0140625 0.0390625
5 0.384375 0.27734375 0.009375 0.04375
5 0.1875 0.31484375 0.009375 0.0484375
4 0.24609375 0.35 0.0140625 0.0515625
5 0.34140625 0.43046875 0.0125 0.0578125
5 0.80625 0.3921875 0.015625 0.0546875
5 0.4484375 0.37421875 0.0109375 0.0546875
4 0.4625 0.375 0.0125 0.0578125
3 0.5984375 0.3640625 0.0109375 0.0578125
5 0.765625 0.5296875 0.01875 0.078125
4 0.103125 0.48984375 0.0171875 0.0765625
4 0.39375 0.68046875 0.0203125 0.0984375
4 0.8046875 0.4796875 0.0234375 0.06875
3 0.80703125 0.24609375 0.0125 0.04375
4 0.640625 0.246875 0.0125 0.0375
0 0.33671875 0.34296875 0.00625 0.0109375
1 0.22265625 0.221875 0.00625 0.028125