5 0.5953125 0.25703125 0.0109375 0.0359375
4 0.5640625 0.3015625 0.0109375 0.0296875
4 0.69609375 0.24375 0.0109375 0.0375
5 0.73125 0.253125 0.0078125 0.040625
4 0.2625 0.253125 0.00625 0.0390625
4 0.4296875 0.2484375 0.009375 0.0375
5 0.2796875 0.27734375 0.0171875 0.04375
3 0.2234375 0.2296875 0.0140625 0.0359375
4 0.7546875 0.271875 0.0125 0.040625
4 0.646875 0.365625 0.0125 0.05625
5 0.771875 0.28515625 0.0109375 0.05
5 0.83125 0.34375 0.0125 0.0609375
5 0.6375 0.2921875 0.0109375 0.0484375
4 0.56171875 0.3359375 0.0125 0.0546875
3 0.51796875 0.30703125 0.0109375 0.053125
5 0.4703125 0.3390625 0.0109375 0.0546875
4 0.3734375 0.4171875 0.015625 0.0625
5 0.7125 0.3515625 0.0109375 0.059375
4 0.803125 0.43515625 0.015625 0.06875
4 0.1234375 0.3234375 0.0140625 0.053125
5 0.5890625 0.42734375 0.0140625 0.06875
5 0.859375 0.434375 0.0125 0.0671875
0 0.415625 0.26875 0.0046875 0.0109375