0 0.5296875 0.2 0.00625 0.0109375
5 0.49765625 0.140625 0.015625 0.0515625
5 0.4546875 0.1984375 0.0171875 0.0578125
4 0.275 0.2546875 0.0171875 0.0734375
5 0.56953125 0.171875 0.0203125 0.0484375
4 0.6140625 0.178125 0.0203125 0.0515625
4 0.4375 0.159375 0.015625 0.0546875
4 0.63125 0.203125 0.01875 0.0640625
4 0.42421875 0.1828125 0.0140625 0.0625
5 0.92265625 0.21328125 0.0140625 0.071875
4 0.4640625 0.228125 0.01875 0.065625
5 0.66640625 0.19375 0.0171875 0.0640625
4 0.8125 0.2171875 0.0203125 0.0671875
4 0.7890625 0.2890625 0.0109375 0.0796875
3 0.653125 0.2546875 0.025 0.071875
5 0.9171875 0.2921875 0.01875 0.0765625
5 0.5765625 0.253125 0.0234375 0.075
5 0.52265625 0.4109375 0.028125 0.09375
4 0.303125 0.2125 0.0234375 0.0671875
5 0.4 0.246875 0.025 0.0734375
5 0.43046875 0.284375 0.028125 0.06875
4 0.20625 0.30625 0.015625 0.0765625