5 0.475 0.25 0.0125 0.05
4 0.5671875 0.240625 0.0078125 0.0484375
4 0.52890625 0.25390625 0.0125 0.05
5 0.484375 0.2625 0.021875 0.0515625
4 0.45625 0.2375 0.0140625 0.046875
4 0.40625 0.246875 0.009375 0.053125
5 0.6734375 0.2546875 0.009375 0.0546875
5 0.5515625 0.2546875 0.0109375 0.040625
4 0.659375 0.25546875 0.0109375 0.053125
4 0.86171875 0.275 0.009375 0.053125
2 0.1421875 0.26953125 0.015625 0.0609375
5 0.41875 0.296875 0.0140625 0.05625
4 0.3484375 0.275 0.0125 0.0546875
5 0.9171875 0.2734375 0.0140625 0.0578125
4 0.275 0.315625 0.015625 0.0578125
3 0.6421875 0.27578125 0.015625 0.05625
5 0.88125 0.346875 0.021875 0.065625
5 0.5609375 0.28671875 0.0171875 0.059375
4 0.8484375 0.346875 0.0140625 0.0671875
5 0.5140625 0.3859375 0.028125 0.0640625
0 0.5203125 0.271875 0.0046875 0.0109375
5 0.53125 0.21015625 0.0109375 0.0375
4 0.5265625 0.2390625 0.0140625 0.0484375
1 0.365625 0.16796875 0.0203125 0.0546875