5 0.38359375 0.1953125 0.0203125 0.059375
3 0.77109375 0.128125 0.0140625 0.0609375
4 0.390625 0.2109375 0.0265625 0.071875
4 0.4421875 0.1640625 0.021875 0.0578125
5 0.60625 0.19375 0.01875 0.0703125
4 0.66796875 0.1875 0.0140625 0.0671875
4 0.5515625 0.190625 0.0125 0.065625
4 0.70859375 0.240625 0.0140625 0.071875
5 0.4859375 0.1796875 0.0140625 0.0609375
4 0.45625 0.1921875 0.0171875 0.0625
5 0.73125 0.18671875 0.0125 0.071875
4 0.325 0.17578125 0.021875 0.065625
4 0.2171875 0.2046875 0.0140625 0.0703125
5 0.7 0.30234375 0.01875 0.084375
3 0.54296875 0.26484375 0.01875 0.0796875
5 0.5203125 0.225 0.0140625 0.0734375
5 0.7640625 0.240625 0.0203125 0.075
4 0.19453125 0.253125 0.0234375 0.0765625
5 0.3421875 0.2125 0.028125 0.0640625
4 0.23203125 0.325 0.0171875 0.084375
5 0.296875 0.284375 0.0296875 0.078125
5 0.6078125 0.1578125 0.0203125 0.0640625
0 0.434375 0.1375 0.0046875 0.009375