3 0.215625 0.22109375 0.0109375 0.0421875
0 0.790625 0.3203125 0.00625 0.0125
5 0.34375 0.24375 0.009375 0.0390625
4 0.1140625 0.453125 0.01875 0.0734375
5 0.40546875 0.2796875 0.0140625 0.0421875
4 0.259375 0.278125 0.0125 0.046875
4 0.10390625 0.475 0.0125 0.0640625
5 0.6296875 0.26015625 0.0109375 0.0453125
5 0.2765625 0.321875 0.0203125 0.05
5 0.153125 0.3078125 0.0140625 0.053125
4 0.678125 0.25234375 0.0171875 0.040625
4 0.5546875 0.315625 0.0125 0.05
4 0.52421875 0.409375 0.021875 0.065625
5 0.68125 0.31484375 0.01875 0.040625
4 0.1984375 0.3546875 0.015625 0.0609375
5 0.50625 0.475 0.0234375 0.0671875
5 0.44375 0.396875 0.0203125 0.0625
5 0.1765625 0.4 0.0234375 0.0640625
3 0.31875 0.40625 0.0171875 0.06875
4 0.353125 0.725 0.025 0.10625
4 0.9078125 0.3484375 0.0109375 0.059375
4 0.8765625 0.559375 0.025 0.090625