3 0.7609375 0.2359375 0.009375 0.040625
4 0.4734375 0.3421875 0.0140625 0.053125
4 0.3859375 0.284375 0.0125 0.0375
5 0.375 0.2921875 0.015625 0.0453125
4 0.4 0.275 0.0140625 0.040625
4 0.4734375 0.3703125 0.0125 0.0546875
5 0.3015625 0.2890625 0.0109375 0.0453125
3 0.5171875 0.309375 0.0140625 0.05
4 0.51875 0.265625 0.0109375 0.0421875
5 0.3640625 0.3359375 0.0109375 0.053125
4 0.75 0.2921875 0.009375 0.046875
5 0.48671875 0.409375 0.0125 0.0625
5 0.6640625 0.3859375 0.01875 0.0546875
4 0.4421875 0.415625 0.0140625 0.0625
4 0.83125 0.3515625 0.0125 0.0578125
5 0.253125 0.34375 0.0125 0.053125
4 0.66796875 0.47421875 0.0171875 0.075
5 0.303125 0.3875 0.0171875 0.0625
5 0.196875 0.53125 0.0171875 0.0765625
4 0.3046875 0.55 0.0203125 0.08125
5 0.1890625 0.3953125 0.015625 0.0640625
5 0.4640625 0.51875 0.0203125 0.0703125
0 0.821875 0.3671875 0.00625 0.0109375