5 0.64375 0.2625 0.0109375 0.040625
4 0.659375 0.25703125 0.0078125 0.0359375
4 0.58515625 0.2609375 0.0109375 0.0375
5 0.603125 0.265625 0.0140625 0.0421875
5 0.75625 0.29453125 0.015625 0.046875
5 0.66796875 0.2875 0.0109375 0.046875
4 0.7328125 0.315625 0.0109375 0.05
3 0.4640625 0.284375 0.0125 0.0484375
5 0.74375 0.33125 0.0125 0.05
5 0.5 0.2640625 0.01875 0.040625
4 0.3 0.265625 0.009375 0.04375
4 0.13046875 0.309375 0.009375 0.0515625
5 0.6578125 0.31171875 0.0109375 0.0546875
4 0.4890625 0.321875 0.0109375 0.053125
4 0.56640625 0.29921875 0.0109375 0.0484375
5 0.8046875 0.35 0.015625 0.0546875
4 0.8328125 0.36328125 0.0125 0.059375
5 0.41640625 0.33046875 0.0140625 0.053125
5 0.215625 0.3265625 0.0109375 0.059375
4 0.73671875 0.446875 0.0140625 0.06875
4 0.1453125 0.39765625 0.0234375 0.06875
2 0.9015625 0.3015625 0.0125 0.0453125
3 0.06953125 0.246875 0.0109375 0.046875
1 0.69765625 0.21171875 0.0109375 0.03125