5 0.61640625 0.1953125 0.0203125 0.059375
3 0.22890625 0.128125 0.0140625 0.0609375
4 0.609375 0.2109375 0.0265625 0.071875
4 0.5578125 0.1640625 0.0203125 0.0578125
5 0.39375 0.19375 0.01875 0.0703125
4 0.33203125 0.1875 0.0140625 0.0671875
4 0.4484375 0.190625 0.0125 0.065625
4 0.29140625 0.240625 0.0140625 0.071875
5 0.5140625 0.1796875 0.0125 0.0609375
4 0.54375 0.1921875 0.0171875 0.0625
5 0.26875 0.18671875 0.0140625 0.071875
4 0.675 0.17578125 0.021875 0.065625
4 0.7828125 0.2046875 0.0140625 0.0703125
5 0.3 0.30234375 0.0203125 0.084375
3 0.45703125 0.26484375 0.01875 0.0796875
5 0.4796875 0.225 0.0140625 0.0734375
5 0.2359375 0.240625 0.0203125 0.075
4 0.80546875 0.253125 0.0234375 0.0765625
5 0.6578125 0.2125 0.0265625 0.0640625
4 0.76796875 0.325 0.0171875 0.084375
5 0.703125 0.284375 0.03125 0.078125
5 0.3921875 0.1578125 0.021875 0.0640625
0 0.565625 0.1375 0.0046875 0.009375