5 0.4703125 0.2421875 0.00625 0.03125
4 0.6703125 0.24453125 0.0078125 0.0375
5 0.6640625 0.25625 0.009375 0.0453125
5 0.3703125 0.2546875 0.0171875 0.05
4 0.3296875 0.2421875 0.009375 0.0421875
5 0.471875 0.271875 0.009375 0.04375
4 0.5046875 0.25 0.009375 0.0421875
5 0.4953125 0.25 0.009375 0.04375
2 0.090625 0.296875 0.009375 0.0484375
3 0.5953125 0.30234375 0.009375 0.046875
4 0.41171875 0.2921875 0.0234375 0.04375
4 0.8296875 0.28984375 0.0125 0.046875
5 0.8453125 0.28671875 0.0109375 0.0484375
4 0.6953125 0.321875 0.01875 0.046875
5 0.775 0.328125 0.0125 0.053125
5 0.59296875 0.3828125 0.0125 0.0609375
4 0.73203125 0.48125 0.0140625 0.075
4 0.2421875 0.4125 0.0203125 0.06875
4 0.4515625 0.63046875 0.0234375 0.0953125
5 0.40546875 0.41484375 0.0140625 0.065625
5 0.8109375 0.4375 0.021875 0.0703125
0 0.3984375 0.3125 0.00625 0.0109375
4 0.47890625 0.22890625 0.0109375 0.0359375
3 0.84375 0.240625 0.0109375 0.046875
1 0.2078125 0.21171875 0.0078125 0.034375