4 0.2328125 0.2765625 0.009375 0.0390625
4 0.6265625 0.3140625 0.0109375 0.0484375
5 0.34921875 0.265625 0.0109375 0.04375
3 0.45703125 0.3 0.009375 0.05
5 0.6265625 0.2625 0.0109375 0.0421875
4 0.784375 0.3984375 0.0171875 0.059375
5 0.6171875 0.3125 0.0171875 0.0484375
4 0.553125 0.2625 0.0109375 0.040625
4 0.659375 0.36328125 0.021875 0.0546875
5 0.7671875 0.4109375 0.01875 0.059375
5 0.6828125 0.3796875 0.015625 0.0296875
5 0.5671875 0.3078125 0.01875 0.046875
4 0.0578125 0.3 0.0125 0.0515625
5 0.765625 0.3296875 0.0109375 0.0515625
5 0.64453125 0.3484375 0.01875 0.0546875
5 0.234375 0.3125 0.0140625 0.0546875
4 0.625 0.4546875 0.025 0.0671875
5 0.4 0.3421875 0.01875 0.05625
4 0.0875 0.3953125 0.0125 0.0671875
4 0.478125 0.34921875 0.0109375 0.05625
4 0.5671875 0.2890625 0.0109375 0.0453125
0 0.609375 0.26796875 0.0046875 0.0078125
2 0.99296875 0.309375 0.0140625 0.05625
3 0.078125 0.2453125 0.0109375 0.046875
1 0.76171875 0.2078125 0.00625 0.0375