5 0.7234375 0.2578125 0.009375 0.0453125
4 0.7171875 0.2609375 0.009375 0.0453125
4 0.5875 0.20546875 0.0109375 0.0328125
5 0.7515625 0.284375 0.009375 0.046875
5 0.6140625 0.2203125 0.0171875 0.0375
5 0.7828125 0.30078125 0.009375 0.046875
5 0.659375 0.2765625 0.009375 0.0515625
3 0.515625 0.2359375 0.0078125 0.0421875
4 0.5765625 0.240625 0.0109375 0.0421875
4 0.7453125 0.3234375 0.009375 0.053125
4 0.41796875 0.225 0.009375 0.040625
5 0.7625 0.325 0.0109375 0.0515625
4 0.6734375 0.34765625 0.0171875 0.0546875
4 0.1390625 0.2953125 0.0109375 0.053125
4 0.1640625 0.3671875 0.01875 0.065625
4 0.4765625 0.30703125 0.0171875 0.0484375
5 0.4015625 0.29921875 0.0140625 0.053125
5 0.15625 0.29375 0.0109375 0.0546875
0 0.6046875 0.23515625 0.0046875 0.0109375
5 0.5765625 0.20625 0.0140625 0.0390625
2 0.8078125 0.2859375 0.0140625 0.04375
4 0.66015625 0.25703125 0.015625 0.04375
1 0.59765625 0.18984375 0.00625 0.0328125