4 0.81484375 0.2578125 0.0140625 0.0484375
0 0.18125 0.559375 0.0078125 0.0125
5 0.8484375 0.31640625 0.0171875 0.053125
5 0.46328125 0.7234375 0.0390625 0.1078125
4 0.71640625 0.33671875 0.0125 0.0609375
4 0.4125 0.2578125 0.0125 0.0484375
4 0.53828125 0.36875 0.0171875 0.059375
5 0.55859375 0.3765625 0.0234375 0.0625
5 0.31796875 0.3515625 0.0203125 0.0640625
5 0.5 0.3046875 0.015625 0.053125
4 0.21484375 0.4125 0.0171875 0.0703125
3 0.7484375 0.434375 0.015625 0.078125
5 0.4828125 0.47734375 0.01875 0.0796875
4 0.87890625 0.453125 0.015625 0.078125
5 0.725 0.4046875 0.021875 0.06875
4 0.840625 0.6625 0.0234375 0.1
4 0.578125 0.4828125 0.021875 0.0828125
5 0.96875 0.60234375 0.025 0.096875
4 0.4234375 0.7453125 0.0359375 0.109375
4 0.14140625 0.53203125 0.0171875 0.0859375
5 0.9265625 0.453125 0.028125 0.084375
5 0.6171875 0.596875 0.0328125 0.0890625
3 0.8703125 0.22578125 0.0125 0.046875
1 0.15390625 0.2015625 0.0046875 0.0359375