0 0.359375 0.3859375 0.00625 0.0109375
5 0.55859375 0.25625 0.0078125 0.0390625
4 0.615625 0.2375 0.0109375 0.0375
4 0.51171875 0.2546875 0.009375 0.0453125
4 0.778125 0.26328125 0.009375 0.04375
4 0.365625 0.265625 0.009375 0.04375
5 0.528125 0.2609375 0.009375 0.04375
3 0.6609375 0.3203125 0.0109375 0.05
2 0.05 0.3203125 0.0140625 0.053125
5 0.384375 0.26328125 0.015625 0.046875
5 0.3921875 0.346875 0.0109375 0.0515625
5 0.63515625 0.3546875 0.015625 0.0546875
5 0.7109375 0.2828125 0.0125 0.0484375
5 0.846875 0.32578125 0.0125 0.0546875
4 0.83359375 0.32578125 0.0125 0.053125
4 0.1171875 0.43828125 0.0171875 0.071875
5 0.559375 0.415625 0.0109375 0.05625
5 0.4 0.4328125 0.021875 0.065625
4 0.35 0.359375 0.0109375 0.0609375
5 0.80859375 0.5 0.0171875 0.078125
4 0.6703125 0.734375 0.0296875 0.103125
4 0.5796875 0.340625 0.0109375 0.0515625
4 0.67578125 0.51328125 0.0203125 0.0796875
3 0.8453125 0.240625 0.0125 0.04375
1 0.20703125 0.20390625 0.0125 0.0515625