0 0.4703125 0.2 0.00625 0.0109375
5 0.50234375 0.140625 0.015625 0.0515625
5 0.5453125 0.1984375 0.0171875 0.0578125
4 0.725 0.2546875 0.0171875 0.0734375
5 0.43046875 0.171875 0.0203125 0.0484375
4 0.3859375 0.178125 0.0203125 0.0515625
4 0.5625 0.159375 0.015625 0.0546875
4 0.36875 0.203125 0.01875 0.0640625
4 0.57578125 0.1828125 0.0140625 0.0625
5 0.07734375 0.21328125 0.0140625 0.071875
4 0.5359375 0.228125 0.01875 0.065625
5 0.33359375 0.19375 0.0171875 0.0640625
4 0.1875 0.2171875 0.0203125 0.0671875
4 0.2109375 0.2890625 0.0125 0.0796875
3 0.346875 0.2546875 0.025 0.071875
5 0.0828125 0.2921875 0.01875 0.0765625
5 0.4234375 0.253125 0.0234375 0.075
5 0.47734375 0.4109375 0.0296875 0.09375
4 0.696875 0.2125 0.025 0.0671875
5 0.6 0.246875 0.0265625 0.0734375
5 0.56953125 0.284375 0.028125 0.06875
4 0.79375 0.30625 0.015625 0.0765625