4 0.5078125 0.2046875 0.009375 0.05
4 0.51875 0.1828125 0.0109375 0.053125
5 0.57890625 0.20078125 0.0078125 0.0453125
5 0.29453125 0.209375 0.0125 0.0609375
5 0.55 0.1890625 0.0171875 0.0578125
4 0.6125 0.1984375 0.009375 0.0640625
5 0.3984375 0.1828125 0.0140625 0.0546875
5 0.434375 0.21171875 0.0171875 0.0546875
4 0.4453125 0.2140625 0.0171875 0.0578125
4 0.340625 0.215625 0.0140625 0.0609375
4 0.3015625 0.253125 0.0140625 0.06875
5 0.509375 0.25078125 0.0171875 0.0703125
4 0.7671875 0.2671875 0.0171875 0.071875
5 0.5859375 0.2375 0.01875 0.0703125
5 0.265625 0.26171875 0.01875 0.071875
5 0.6890625 0.28984375 0.01875 0.0703125
5 0.2765625 0.325 0.0140625 0.084375
4 0.728125 0.2265625 0.0203125 0.065625
3 0.4640625 0.2890625 0.021875 0.0765625
4 0.740625 0.340625 0.025 0.0828125
3 0.234375 0.1546875 0.0140625 0.05625
0 0.4609375 0.0421875 0.0078125 0.0125