4 0.053125 0.64375 0.021875 0.065625
4 0.775 0.3703125 0.0109375 0.040625
2 0.1546875 0.3609375 0.0125 0.046875
5 0.42265625 0.371875 0.0140625 0.0390625
5 0.7265625 0.34921875 0.0140625 0.040625
4 0.290625 0.459375 0.0125 0.0578125
4 0.40625 0.39296875 0.015625 0.0453125
3 0.4421875 0.4625 0.0140625 0.059375
5 0.265625 0.4578125 0.0140625 0.0578125
4 0.2921875 0.6078125 0.0140625 0.075
4 0.4234375 0.5765625 0.0171875 0.078125
5 0.3609375 0.5296875 0.0109375 0.0703125
5 0.2359375 0.5546875 0.0203125 0.0703125
5 0.0640625 0.5953125 0.034375 0.0609375
4 0.64140625 0.65703125 0.0203125 0.0890625
4 0.65 0.5453125 0.0171875 0.0671875
4 0.91328125 0.6375 0.0171875 0.08125
5 0.5421875 0.65 0.0203125 0.08125
5 0.528125 0.478125 0.015625 0.059375
5 0.78828125 0.6484375 0.0234375 0.0859375
5 0.3171875 0.6203125 0.0203125 0.0828125
4 0.8578125 0.490625 0.0171875 0.0640625
3 0.5171875 0.2796875 0.009375 0.0359375
1 0.3328125 0.26171875 0.015625 0.040625