3 0.459375 0.24765625 0.009375 0.025
5 0.16171875 0.3421875 0.0078125 0.0328125
0 0.40390625 0.7109375 0.009375 0.0109375
2 0.7359375 0.35625 0.0078125 0.0359375
5 0.4265625 0.2921875 0.0078125 0.0359375
3 0.096875 0.98515625 0.0140625 0.028125
4 0.509375 0.309375 0.0109375 0.034375
4 0.4921875 0.6390625 0.0171875 0.0640625
4 0.59140625 0.378125 0.0125 0.0390625
5 0.4984375 0.66015625 0.0171875 0.0609375
5 0.6328125 0.4328125 0.0125 0.040625
3 0.5875 0.51953125 0.0109375 0.053125
4 0.5984375 0.4859375 0.0140625 0.053125
5 0.178125 0.7703125 0.0125 0.0703125
5 0.5578125 0.36953125 0.0078125 0.040625
5 0.4 0.4078125 0.009375 0.0453125
5 0.7609375 0.71875 0.0140625 0.0640625
4 0.42265625 0.3984375 0.0140625 0.040625
5 0.1828125 0.471875 0.0140625 0.05
4 0.6890625 0.475 0.0140625 0.0453125
4 0.33046875 0.546875 0.0203125 0.0484375
4 0.67734375 0.5484375 0.01875 0.053125
4 0.746875 0.6578125 0.015625 0.0640625
4 0.6234375 0.625 0.0171875 0.0625
5 0.590625 0.5015625 0.0125 0.053125
1 0.59921875 0.22734375 0.0140625 0.0421875