5 0.3265625 0.2875 0.0078125 0.03125
4 0.63828125 0.36328125 0.009375 0.0453125
4 0.421875 0.278125 0.0109375 0.03125
4 0.384375 0.28984375 0.0078125 0.03125
3 0.1078125 0.3171875 0.009375 0.034375
5 0.546875 0.2765625 0.009375 0.0296875
4 0.5078125 0.275 0.009375 0.03125
5 0.55625 0.321875 0.0109375 0.0359375
5 0.6390625 0.3890625 0.009375 0.0484375
4 0.5921875 0.3203125 0.009375 0.040625
2 0.8265625 0.3515625 0.009375 0.0453125
5 0.0875 0.459375 0.0078125 0.053125
5 0.128125 0.378125 0.0109375 0.0390625
4 0.303125 0.3625 0.0125 0.04375
4 0.54609375 0.371875 0.0109375 0.0453125
3 0.48671875 0.31953125 0.009375 0.0375
5 0.68203125 0.425 0.0109375 0.0515625
5 0.0875 0.53125 0.0171875 0.0546875
5 0.4625 0.4078125 0.0109375 0.0484375
4 0.6171875 0.4578125 0.0109375 0.05
4 0.7 0.4203125 0.0125 0.05
4 0.2234375 0.4359375 0.0125 0.05
5 0.628125 0.621875 0.0140625 0.065625
0 0.5046875 0.2796875 0.003125 0.00625
1 0.66640625 0.24453125 0.00625 0.028125