5 0.79765625 0.60546875 0.0125 0.046875
5 0.684375 0.4640625 0.0140625 0.04375
4 0.6625 0.4125 0.009375 0.040625
4 0.709375 0.47421875 0.009375 0.0453125
5 0.5546875 0.4453125 0.009375 0.04375
0 0.5828125 0.675 0.00625 0.0125
4 0.225 0.45546875 0.0125 0.0578125
4 0.5109375 0.4171875 0.0109375 0.0453125
4 0.8015625 0.64375 0.01875 0.0578125
5 0.7875 0.50546875 0.0140625 0.046875
5 0.31015625 0.5875 0.009375 0.0578125
4 0.42890625 0.496875 0.0140625 0.0546875
3 0.203125 0.921875 0.028125 0.0765625
3 0.584375 0.4953125 0.0109375 0.05
4 0.7796875 0.65234375 0.0171875 0.0609375
4 0.2203125 0.71796875 0.01875 0.065625
5 0.6265625 0.62265625 0.0171875 0.053125
4 0.3953125 0.340625 0.0109375 0.0375
4 0.60703125 0.646875 0.025 0.0609375
5 0.81015625 0.596875 0.0140625 0.046875
2 0.7484375 0.3484375 0.0125 0.0375
5 0.553125 0.3453125 0.009375 0.0359375
5 0.6609375 0.4015625 0.0109375 0.0359375
3 0.509375 0.246875 0.009375 0.025
1 0.61484375 0.2390625 0.0015625 0.021875