3 0.540625 0.24765625 0.009375 0.025
5 0.83828125 0.3421875 0.0078125 0.0328125
0 0.59609375 0.7109375 0.009375 0.0109375
2 0.2640625 0.35625 0.0078125 0.0359375
5 0.5734375 0.2921875 0.0078125 0.0359375
3 0.903125 0.98515625 0.0140625 0.028125
4 0.490625 0.309375 0.0109375 0.034375
4 0.5078125 0.6390625 0.0171875 0.0640625
4 0.40859375 0.378125 0.0125 0.0390625
5 0.5015625 0.66015625 0.0171875 0.0609375
5 0.3671875 0.4328125 0.0125 0.040625
3 0.4125 0.51953125 0.0109375 0.053125
4 0.4015625 0.4859375 0.0140625 0.053125
5 0.821875 0.7703125 0.0125 0.0703125
5 0.4421875 0.36953125 0.0078125 0.040625
5 0.6 0.4078125 0.009375 0.0453125
5 0.2390625 0.71875 0.0140625 0.0640625
4 0.57734375 0.3984375 0.0140625 0.040625
5 0.8171875 0.471875 0.0140625 0.05
4 0.3109375 0.475 0.0140625 0.0453125
4 0.66953125 0.546875 0.01875 0.0484375
4 0.32265625 0.5484375 0.0171875 0.053125
4 0.253125 0.6578125 0.015625 0.0640625
4 0.3765625 0.625 0.0171875 0.0625
5 0.409375 0.5015625 0.0125 0.053125
1 0.40078125 0.22578125 0.015625 0.0421875