5 0.5 0.27265625 0.00625 0.0296875
4 0.4171875 0.36484375 0.0078125 0.0375
5 0.70078125 0.3125 0.0078125 0.028125
5 0.5515625 0.371875 0.009375 0.0390625
4 0.465625 0.296875 0.0078125 0.03125
4 0.5734375 0.3625 0.009375 0.034375
5 0.40625 0.3921875 0.009375 0.0453125
2 0.2390625 0.37265625 0.0125 0.040625
4 0.709375 0.415625 0.0078125 0.0390625
4 0.396875 0.4015625 0.009375 0.04375
5 0.37265625 0.42265625 0.009375 0.04375
5 0.46953125 0.41015625 0.0078125 0.0390625
4 0.5375 0.428125 0.0125 0.040625
4 0.35859375 0.434375 0.0109375 0.0453125
3 0.3984375 0.4796875 0.0109375 0.0484375
5 0.72890625 0.5125 0.015625 0.0390625
4 0.378125 0.53671875 0.009375 0.053125
5 0.20859375 0.75234375 0.015625 0.0625
5 0.79375 0.428125 0.015625 0.0453125
4 0.3078125 0.534375 0.0140625 0.05
3 0.8796875 0.9734375 0.01875 0.053125
4 0.4890625 0.5984375 0.015625 0.0578125
5 0.69375 0.6578125 0.0140625 0.0671875
3 0.49765625 0.253125 0.0078125 0.028125
0 0.74140625 0.4859375 0.0046875 0.009375
1 0.30546875 0.2484375 0.0046875 0.01875