0 0.7984375 0.5109375 0.0046875 0.0109375
4 0.55546875 0.384375 0.009375 0.04375
5 0.5140625 0.2828125 0.00625 0.028125
5 0.7171875 0.3203125 0.0078125 0.0328125
4 0.459375 0.30625 0.0109375 0.0328125
5 0.4125 0.378125 0.0078125 0.04375
2 0.225 0.36875 0.009375 0.04375
4 0.3953125 0.390625 0.0109375 0.040625
5 0.82578125 0.4234375 0.0109375 0.0390625
4 0.3859375 0.4421875 0.0125 0.0484375
4 0.34375 0.475 0.0125 0.053125
5 0.35625 0.4296875 0.00625 0.04375
5 0.5484375 0.4046875 0.009375 0.04375
5 0.4359375 0.46328125 0.009375 0.04375
5 0.1890625 0.7484375 0.015625 0.0640625
4 0.6921875 0.475 0.0109375 0.04375
4 0.31640625 0.5515625 0.0140625 0.0578125
5 0.59375 0.678125 0.015625 0.071875
3 0.39375 0.5171875 0.0125 0.05625
4 0.39375 0.6390625 0.0140625 0.0640625
4 0.515625 0.5078125 0.0109375 0.0578125
5 0.734375 0.6140625 0.015625 0.059375
3 0.890625 0.97421875 0.021875 0.05
4 0.3109375 0.621875 0.0171875 0.065625
3 0.5078125 0.25078125 0.009375 0.0359375
1 0.31796875 0.2421875 0.0046875 0.0171875