4 0.6015625 0.359375 0.0078125 0.0359375
5 0.528125 0.328125 0.0078125 0.03125
4 0.396875 0.33828125 0.0078125 0.025
4 0.63125 0.3921875 0.0109375 0.0390625
2 0.8109375 0.37578125 0.0078125 0.0375
4 0.48203125 0.33125 0.0078125 0.0296875
4 0.5484375 0.33828125 0.00625 0.0328125
5 0.584375 0.36328125 0.0078125 0.0328125
4 0.421875 0.4046875 0.009375 0.0359375
4 0.540625 0.40234375 0.009375 0.0421875
3 0.503125 0.36015625 0.0078125 0.034375
5 0.38671875 0.3375 0.0078125 0.03125
5 0.18046875 0.421875 0.0078125 0.0359375
5 0.5328125 0.4296875 0.0109375 0.040625
5 0.64375 0.4046875 0.009375 0.040625
4 0.6265625 0.478125 0.0109375 0.04375
5 0.678125 0.44453125 0.009375 0.046875
4 0.2859375 0.453125 0.009375 0.0453125
4 0.703125 0.440625 0.0125 0.040625
5 0.5984375 0.615625 0.0109375 0.0546875
5 0.171875 0.4703125 0.0109375 0.0453125
5 0.1421875 0.5109375 0.0125 0.04375
3 0.18828125 0.3390625 0.0078125 0.0296875
1 0.67578125 0.27890625 0.003125 0.0203125