5 0.6734375 0.2875 0.0078125 0.03125
4 0.36171875 0.36328125 0.009375 0.0453125
4 0.578125 0.278125 0.0109375 0.03125
4 0.615625 0.28984375 0.0078125 0.03125
3 0.8921875 0.3171875 0.009375 0.034375
5 0.453125 0.2765625 0.009375 0.0296875
4 0.4921875 0.275 0.009375 0.03125
5 0.44375 0.321875 0.0109375 0.0359375
5 0.3609375 0.3890625 0.009375 0.0484375
4 0.4078125 0.3203125 0.009375 0.040625
2 0.1734375 0.3515625 0.009375 0.0453125
5 0.9125 0.459375 0.0078125 0.053125
5 0.871875 0.378125 0.0109375 0.0390625
4 0.696875 0.3625 0.0125 0.04375
4 0.45390625 0.371875 0.0109375 0.0453125
3 0.51328125 0.31953125 0.009375 0.0375
5 0.31796875 0.425 0.0109375 0.0515625
5 0.9125 0.53125 0.0171875 0.0546875
5 0.5375 0.4078125 0.0109375 0.0484375
4 0.3828125 0.4578125 0.0109375 0.05
4 0.3 0.4203125 0.0125 0.05
4 0.7765625 0.4359375 0.0109375 0.05
5 0.371875 0.621875 0.0140625 0.065625
0 0.4953125 0.2796875 0.0046875 0.00625
1 0.33359375 0.24140625 0.003125 0.028125