3 0.3515625 0.24140625 0.0078125 0.0265625
2 0.9859375 0.3625 0.0125 0.0390625
5 0.6515625 0.2609375 0.00625 0.0234375
4 0.3328125 0.290625 0.0109375 0.03125
3 0.409375 0.4265625 0.0140625 0.0421875
5 0.2953125 0.44140625 0.015625 0.0390625
4 0.4109375 0.465625 0.015625 0.05
4 0.45625 0.3296875 0.0125 0.0359375
5 0.528125 0.4453125 0.0078125 0.0453125
5 0.471875 0.3203125 0.009375 0.0359375
4 0.278125 0.365625 0.0140625 0.0390625
2 0.03125 0.4171875 0.01875 0.0453125
5 0.303125 0.359375 0.009375 0.0359375
4 0.5390625 0.39296875 0.0109375 0.0390625
4 0.2375 0.4359375 0.015625 0.0453125
5 0.734375 0.3578125 0.009375 0.0375
5 0.21640625 0.559375 0.021875 0.0484375
4 0.215625 0.5 0.0203125 0.05
4 0.5203125 0.5265625 0.0109375 0.053125
5 0.28984375 0.85546875 0.021875 0.06875
3 0.96875 0.896875 0.0234375 0.0828125
4 0.2890625 0.67578125 0.0203125 0.0640625
5 0.5734375 0.625 0.0265625 0.0640625
4 0.2015625 0.578125 0.025 0.0484375
5 0.4125 0.2546875 0.009375 0.0359375
0 0.5640625 0.65 0.00625 0.0125
1 0.10703125 0.24140625 0.021875 0.0484375