3 0.7953125 0.203125 0.0109375 0.0390625
4 0.64375 0.22421875 0.0109375 0.04375
5 0.5703125 0.2796875 0.0109375 0.05
4 0.790625 0.2953125 0.0125 0.05625
4 0.8328125 0.34296875 0.015625 0.0609375
4 0.4765625 0.26484375 0.0109375 0.05
5 0.565625 0.328125 0.0140625 0.0578125
4 0.53046875 0.328125 0.0109375 0.059375
4 0.7234375 0.365625 0.0125 0.0625
5 0.73203125 0.3140625 0.0125 0.053125
5 0.8265625 0.3796875 0.015625 0.06875
4 0.8765625 0.434375 0.0140625 0.075
5 0.5265625 0.384375 0.0203125 0.0625
2 0.115625 0.31484375 0.0140625 0.05625
5 0.3453125 0.26171875 0.0109375 0.053125
3 0.68125 0.3484375 0.0125 0.0625
4 0.54375 0.440625 0.015625 0.071875
5 0.8203125 0.46484375 0.0203125 0.0734375
4 0.8703125 0.553125 0.015625 0.08125
5 0.1328125 0.459375 0.0171875 0.078125
5 0.51796875 0.734375 0.0234375 0.1078125
4 0.625 0.29375 0.0125 0.0546875
5 0.534375 0.2046875 0.0125 0.04375
0 0.13125 0.334375 0.0078125 0.0125
1 0.00546875 0.1765625 0.0078125 0.053125