5 0.5703125 0.2140625 0.0140625 0.0390625
5 0.6828125 0.278125 0.0125 0.05
4 0.6953125 0.325 0.0109375 0.0578125
4 0.8484375 0.37421875 0.0203125 0.065625
5 0.278125 0.278125 0.0171875 0.053125
5 0.7765625 0.4234375 0.0265625 0.0625
4 0.484375 0.2828125 0.0109375 0.053125
4 0.809375 0.3 0.0171875 0.0578125
4 0.5078125 0.35078125 0.0140625 0.0625
5 0.51875 0.3546875 0.0140625 0.0625
5 0.7296875 0.32265625 0.01875 0.053125
5 0.84921875 0.4125 0.0171875 0.075
4 0.7421875 0.396875 0.0140625 0.06875
5 0.75390625 0.453125 0.0234375 0.0703125
4 0.5515625 0.4609375 0.015625 0.0734375
5 0.10625 0.478125 0.0203125 0.075
3 0.6765625 0.37734375 0.0140625 0.06875
2 0.103125 0.328125 0.015625 0.059375
5 0.4796875 0.728125 0.0171875 0.103125
4 0.86328125 0.4359375 0.01875 0.0734375
4 0.7765625 0.6078125 0.0234375 0.090625
3 0.80625 0.2171875 0.0109375 0.04375
0 0.2953125 0.3 0.00625 0.0109375
4 0.675 0.2421875 0.0125 0.046875
1 0.05546875 0.19140625 0.01875 0.0453125