4 0.778125 0.4109375 0.0078125 0.04375
5 0.809375 0.37578125 0.0125 0.04375
5 0.1171875 0.453125 0.0171875 0.05
5 0.8828125 0.4875 0.015625 0.0546875
4 0.5875 0.3515625 0.009375 0.0390625
5 0.74296875 0.3953125 0.00625 0.04375
4 0.771875 0.484375 0.0140625 0.059375
4 0.5703125 0.4234375 0.0109375 0.053125
5 0.39609375 0.3109375 0.0078125 0.0390625
2 0.203125 0.3640625 0.009375 0.04375
3 0.67421875 0.42265625 0.0125 0.05
5 0.74609375 0.49296875 0.009375 0.0546875
5 0.58125 0.42734375 0.0078125 0.05
4 0.8734375 0.540625 0.0171875 0.0703125
4 0.809375 0.64765625 0.015625 0.0734375
5 0.54765625 0.66328125 0.0140625 0.075
5 0.8265625 0.565625 0.0125 0.065625
4 0.596875 0.5078125 0.0171875 0.0578125
4 0.8828125 0.4703125 0.015625 0.0546875
4 0.87109375 0.39375 0.015625 0.0515625
4 0.796875 0.334375 0.0140625 0.0453125
3 0.8671875 0.303125 0.0125 0.040625
5 0.675 0.3 0.009375 0.0359375
0 0.15546875 0.465625 0.0046875 0.0109375
1 0.34765625 0.25546875 0.0125 0.0390625