4 0.3890625 0.2953125 0.0140625 0.0484375
4 0.34453125 0.2609375 0.0109375 0.0453125
2 0.0375 0.28046875 0.0140625 0.0484375
4 0.259375 0.2984375 0.01875 0.05
5 0.275 0.2703125 0.0109375 0.05
5 0.3515625 0.3046875 0.0140625 0.0515625
5 0.859375 0.375 0.015625 0.0640625
5 0.4921875 0.25 0.0234375 0.04375
5 0.24765625 0.3046875 0.0140625 0.053125
5 0.3875 0.378125 0.0140625 0.059375
5 0.2734375 0.4421875 0.021875 0.0703125
4 0.73125 0.2640625 0.015625 0.046875
4 0.84296875 0.36796875 0.0140625 0.0609375
5 0.5828125 0.321875 0.0171875 0.059375
4 0.3125 0.4078125 0.03125 0.0546875
4 0.8078125 0.31328125 0.0140625 0.0578125
3 0.553125 0.296875 0.015625 0.0546875
5 0.33125 0.43125 0.025 0.071875
4 0.52265625 0.49609375 0.01875 0.075
4 0.8515625 0.41484375 0.0203125 0.0734375
5 0.459375 0.38125 0.0171875 0.0609375
4 0.6671875 0.3140625 0.0203125 0.053125
0 0.34140625 0.2796875 0.00625 0.009375
1 0.21953125 0.1703125 0.015625 0.05625