4 0.26640625 0.234375 0.0109375 0.05
5 0.35625 0.209375 0.0125 0.0484375
5 0.26875 0.3328125 0.0140625 0.0546875
4 0.1234375 0.371875 0.015625 0.0546875
4 0.3421875 0.3109375 0.009375 0.059375
5 0.125 0.4203125 0.015625 0.0734375
5 0.6375 0.25 0.009375 0.053125
5 0.4046875 0.2875 0.0109375 0.053125
2 0.87265625 0.321875 0.0140625 0.059375
4 0.48125 0.34921875 0.0140625 0.0640625
4 0.509375 0.278125 0.0109375 0.053125
5 0.4484375 0.3578125 0.0125 0.059375
5 0.6640625 0.35625 0.01875 0.0609375
4 0.1671875 0.3171875 0.0171875 0.0578125
3 0.2765625 0.3796875 0.0140625 0.071875
4 0.13828125 0.4625 0.015625 0.0796875
4 0.4640625 0.4609375 0.0203125 0.075
4 0.3140625 0.3890625 0.01875 0.065625
5 0.8265625 0.46796875 0.0171875 0.075
5 0.17890625 0.490625 0.0203125 0.0734375
4 0.1578125 0.59765625 0.0296875 0.0921875
5 0.4890625 0.7515625 0.028125 0.103125
3 0.1953125 0.20390625 0.0125 0.05
0 0.6609375 0.3671875 0.00625 0.0109375
1 0.99296875 0.1796875 0.0140625 0.059375