4 0.221875 0.4109375 0.0078125 0.04375
5 0.190625 0.37578125 0.0125 0.04375
5 0.8828125 0.453125 0.0171875 0.05
5 0.1171875 0.4875 0.015625 0.0546875
4 0.4125 0.3515625 0.009375 0.0390625
5 0.25703125 0.3953125 0.00625 0.04375
4 0.228125 0.484375 0.0140625 0.059375
4 0.4296875 0.4234375 0.0109375 0.053125
5 0.60390625 0.3109375 0.0078125 0.0390625
2 0.796875 0.3640625 0.009375 0.04375
3 0.32578125 0.42265625 0.0140625 0.05
5 0.25390625 0.49296875 0.009375 0.0546875
5 0.41875 0.42734375 0.0078125 0.05
4 0.1265625 0.540625 0.0171875 0.0703125
4 0.190625 0.64765625 0.015625 0.0734375
5 0.45234375 0.66328125 0.0140625 0.075
5 0.1734375 0.565625 0.0125 0.065625
4 0.403125 0.5078125 0.0171875 0.0578125
4 0.1171875 0.4703125 0.015625 0.0546875
4 0.12890625 0.39375 0.015625 0.0515625
4 0.203125 0.334375 0.0140625 0.0453125
3 0.1328125 0.303125 0.0125 0.040625
5 0.325 0.3 0.009375 0.0359375
0 0.84453125 0.465625 0.00625 0.0109375
1 0.65234375 0.25546875 0.00625 0.034375