5 0.546875 0.3265625 0.0109375 0.0390625
4 0.57265625 0.32578125 0.0125 0.0390625
3 0.52421875 0.35625 0.0125 0.04375
5 0.68125 0.35 0.0109375 0.0453125
4 0.8140625 0.4234375 0.0109375 0.0546875
4 0.428125 0.35625 0.009375 0.0453125
5 0.396875 0.3546875 0.0109375 0.046875
4 0.78125 0.3640625 0.009375 0.046875
2 0.0328125 0.3625 0.0125 0.0515625
5 0.6234375 0.3796875 0.0109375 0.05
5 0.484375 0.3984375 0.0109375 0.0484375
4 0.65625 0.41953125 0.0109375 0.053125
5 0.328125 0.421875 0.0125 0.059375
5 0.6296875 0.4359375 0.0109375 0.059375
4 0.7546875 0.6109375 0.015625 0.0828125
4 0.3578125 0.4671875 0.015625 0.065625
5 0.2828125 0.534375 0.015625 0.065625
4 0.196875 0.7 0.0234375 0.0984375
3 0.1015625 0.746875 0.0359375 0.1
3 0.74140625 0.28828125 0.0078125 0.0359375
4 0.67265625 0.315625 0.0109375 0.034375
5 0.6484375 0.31484375 0.015625 0.0375
0 0.59921875 0.33671875 0.0046875 0.0109375
4 0.47734375 0.2875 0.0140625 0.0375
5 0.4328125 0.3046875 0.0140625 0.0375
1 0.05703125 0.26953125 0.0140625 0.0390625