5 0.453125 0.3265625 0.0125 0.0390625
4 0.42734375 0.32578125 0.0125 0.0390625
3 0.47578125 0.35625 0.0125 0.04375
5 0.31875 0.35 0.009375 0.0453125
4 0.1859375 0.4234375 0.009375 0.0546875
4 0.571875 0.35625 0.009375 0.0453125
5 0.603125 0.3546875 0.0109375 0.046875
4 0.21875 0.3640625 0.009375 0.046875
2 0.9671875 0.3625 0.0125 0.0515625
5 0.3765625 0.3796875 0.0109375 0.05
5 0.515625 0.3984375 0.0109375 0.0484375
4 0.34375 0.41953125 0.0109375 0.053125
5 0.671875 0.421875 0.0125 0.059375
5 0.3703125 0.4359375 0.0125 0.059375
4 0.2453125 0.6109375 0.015625 0.0828125
4 0.6421875 0.4671875 0.015625 0.065625
5 0.7171875 0.534375 0.015625 0.065625
4 0.803125 0.7 0.0234375 0.0984375
3 0.8984375 0.746875 0.0359375 0.1
3 0.25859375 0.28828125 0.0078125 0.0359375
4 0.32734375 0.315625 0.0109375 0.034375
5 0.3515625 0.31484375 0.015625 0.0375
0 0.40078125 0.33671875 0.0046875 0.0109375
4 0.52265625 0.2875 0.0125 0.0375
5 0.5671875 0.3046875 0.0125 0.0375
1 0.9421875 0.2703125 0.00625 0.028125