5 0.5296875 0.3109375 0.009375 0.0328125
5 0.59140625 0.3 0.0078125 0.0296875
5 0.45078125 0.30625 0.0140625 0.0328125
4 0.5125 0.315625 0.0109375 0.0328125
3 0.5296875 0.35546875 0.0125 0.0421875
5 0.49375 0.3625 0.0140625 0.040625
4 0.68359375 0.4375 0.01875 0.0546875
4 0.4765625 0.3296875 0.0140625 0.0328125
5 0.7234375 0.32734375 0.0140625 0.0359375
5 0.3421875 0.3546875 0.015625 0.0390625
4 0.2875 0.37734375 0.015625 0.0453125
5 0.5890625 0.3546875 0.0109375 0.0375
4 0.2953125 0.3421875 0.015625 0.0453125
2 0.0765625 0.3609375 0.01875 0.0453125
4 0.3 0.471875 0.021875 0.05
5 0.38203125 0.4046875 0.01875 0.05
4 0.4625 0.3796875 0.015625 0.0453125
5 0.7828125 0.428125 0.0171875 0.059375
3 0.9828125 0.825 0.034375 0.103125
5 0.7375 0.515625 0.0234375 0.0515625
4 0.77421875 0.6609375 0.03125 0.0890625
0 0.4359375 0.31875 0.00625 0.0125
3 0.38125 0.2796875 0.0109375 0.0375
4 0.48984375 0.3046875 0.0171875 0.0359375
4 0.696875 0.3171875 0.0109375 0.0421875
1 0.165625 0.27578125 0.01875 0.046875