4 0.628125 0.39765625 0.0078125 0.0328125
4 0.4234375 0.4046875 0.0140625 0.034375
4 0.725 0.446875 0.0078125 0.0453125
3 0.5921875 0.45 0.0125 0.0421875
5 0.5765625 0.4 0.009375 0.03125
2 0.253125 0.3890625 0.0078125 0.03125
5 0.3984375 0.453125 0.0140625 0.040625
4 0.340625 0.5203125 0.0203125 0.05
4 0.77890625 0.453125 0.0078125 0.046875
3 0.203125 0.59921875 0.0234375 0.0640625
5 0.4546875 0.4546875 0.0125 0.04375
5 0.51953125 0.51484375 0.0109375 0.053125
5 0.353125 0.48828125 0.0140625 0.0515625
4 0.665625 0.50078125 0.0140625 0.053125
5 0.4953125 0.5171875 0.009375 0.046875
5 0.3984375 0.559375 0.0125 0.0546875
5 0.6453125 0.51171875 0.0140625 0.0515625
4 0.48203125 0.496875 0.0109375 0.053125
5 0.6984375 0.63125 0.0140625 0.06875
4 0.8484375 0.5875 0.0125 0.0609375
4 0.63359375 0.63203125 0.015625 0.0703125
4 0.41796875 0.44140625 0.0140625 0.0375
5 0.4046875 0.41171875 0.0125 0.0359375
3 0.7796875 0.3375 0.0078125 0.0296875
1 0.35234375 0.30625 0.0203125 0.034375