5 0.6515625 0.29765625 0.0078125 0.028125
5 0.496875 0.2953125 0.009375 0.0375
4 0.4328125 0.38671875 0.0109375 0.05
4 0.3765625 0.29765625 0.0078125 0.0328125
3 0.5515625 0.35703125 0.00625 0.04375
5 0.45625 0.359375 0.0078125 0.0453125
5 0.609375 0.321875 0.009375 0.04375
4 0.290625 0.3328125 0.009375 0.0453125
5 0.4421875 0.3296875 0.0078125 0.04375
5 0.578125 0.38671875 0.009375 0.0453125
4 0.6875 0.3703125 0.0078125 0.0484375
5 0.72578125 0.36015625 0.0078125 0.05
4 0.7484375 0.409375 0.0109375 0.0578125
5 0.425 0.4015625 0.015625 0.0515625
4 0.225 0.390625 0.0109375 0.053125
5 0.7328125 0.503125 0.015625 0.0703125
4 0.2234375 0.50546875 0.0125 0.0640625
5 0.7046875 0.68515625 0.0296875 0.09375
3 0.3171875 0.2796875 0.0109375 0.0328125
0 0.32890625 0.33671875 0.0046875 0.0109375
4 0.57890625 0.28046875 0.009375 0.0390625