5 0.4703125 0.3109375 0.009375 0.0328125
5 0.40859375 0.3 0.0078125 0.0296875
5 0.54921875 0.30625 0.0125 0.0328125
4 0.4875 0.315625 0.0109375 0.0328125
3 0.4703125 0.35546875 0.0140625 0.0421875
5 0.50625 0.3625 0.0140625 0.040625
4 0.31640625 0.4375 0.01875 0.0546875
4 0.5234375 0.3296875 0.0140625 0.0328125
5 0.2765625 0.32734375 0.0140625 0.0359375
5 0.6578125 0.3546875 0.015625 0.0390625
4 0.7125 0.37734375 0.015625 0.0453125
5 0.4109375 0.3546875 0.0109375 0.0375
4 0.7046875 0.3421875 0.015625 0.0453125
2 0.9234375 0.3609375 0.01875 0.0453125
4 0.7 0.471875 0.021875 0.05
5 0.61796875 0.4046875 0.01875 0.05
4 0.5375 0.3796875 0.015625 0.0453125
5 0.2171875 0.428125 0.0171875 0.059375
3 0.0171875 0.825 0.034375 0.103125
5 0.2625 0.515625 0.0234375 0.0515625
4 0.22578125 0.6609375 0.03125 0.0890625
0 0.5640625 0.31875 0.0046875 0.0125
3 0.61875 0.2796875 0.0109375 0.0375
4 0.51015625 0.3046875 0.0171875 0.0359375
4 0.303125 0.3171875 0.0109375 0.0421875
1 0.834375 0.2765625 0.00625 0.0328125