3 0.2890625 0.2828125 0.00625 0.0359375
4 0.5828125 0.2875 0.0078125 0.0328125
4 0.5421875 0.32578125 0.009375 0.0453125
5 0.4015625 0.34453125 0.0078125 0.0375
4 0.359375 0.30625 0.0078125 0.0359375
5 0.40625 0.384375 0.009375 0.05
5 0.4953125 0.31328125 0.0109375 0.0359375
5 0.6390625 0.315625 0.0109375 0.0375
5 0.546875 0.3453125 0.0125 0.04375
4 0.27578125 0.35625 0.009375 0.046875
3 0.515625 0.3625 0.009375 0.04375
4 0.6453125 0.3828125 0.0109375 0.0484375
5 0.5453125 0.4296875 0.0109375 0.053125
5 0.6765625 0.375 0.0109375 0.05
4 0.70625 0.496875 0.0109375 0.06875
5 0.3890625 0.4578125 0.0125 0.0609375
4 0.359375 0.41796875 0.015625 0.0546875
3 0.9296875 0.759375 0.0390625 0.1109375
4 0.834375 0.7125 0.0203125 0.0984375
5 0.75390625 0.5546875 0.0140625 0.071875
5 0.72890625 0.4375 0.015625 0.0640625
4 0.18984375 0.415625 0.0109375 0.0546875
4 0.2265625 0.59375 0.0203125 0.0828125
0 0.284375 0.378125 0.0046875 0.0109375