4 0.6421875 0.621875 0.0234375 0.06953125
4 0.46875 0.5421875 0.0171875 0.07421875
4 0.53515625 0.4359375 0.01484375 0.05078125
4 0.39765625 0.31640625 0.015625 0.04921875
4 0.34140625 0.53671875 0.0125 0.06875
4 0.1296875 0.38984375 0.0125 0.0609375
4 0.42890625 0.49453125 0.02109375 0.06171875
0 0.4421875 0.5109375 0.00625 0.0125
4 0.45234375 0.80703125 0.021875 0.10078125
2 0.96171875 0.49375 0.0171875 0.0765625
5 0.6734375 0.459375 0.01640625 0.07421875
5 0.7015625 0.71875 0.0234375 0.09375
5 0.6625 0.54921875 0.01484375 0.0796875
5 0.55390625 0.35 0.0125 0.0546875
5 0.44296875 0.540625 0.03046875 0.03984375
5 0.18125 0.38046875 0.015625 0.05
5 0.16875 0.52109375 0.0109375 0.06328125
5 0.3140625 0.67890625 0.01953125 0.0953125
5 0.50703125 0.75546875 0.02890625 0.09140625
3 0.20078125 0.22265625 0.0109375 0.04609375
3 0.36328125 0.48984375 0.01796875 0.06796875
5 0.01484375 0.7578125 0.0296875 0.1