5 0.4484375 0.509375 0.0390625 0.0984375
4 0.29765625 0.571875 0.0265625 0.09609375
5 0.246875 0.38203125 0.02109375 0.07734375
5 0.53828125 0.55703125 0.03046875 0.0921875
4 0.02890625 0.72578125 0.040625 0.12890625
5 0.1609375 0.5671875 0.02421875 0.09375
4 0.35 0.45 0.03359375 0.0875
4 0.6328125 0.68359375 0.0375 0.128125
5 0.04921875 0.58515625 0.04140625 0.1140625
4 0.175 0.42265625 0.02578125 0.09453125
3 0.1484375 0.4796875 0.025 0.10703125
4 0.10234375 0.34765625 0.02265625 0.084375
5 0.54453125 0.82265625 0.0265625 0.13046875
4 0.04765625 0.48203125 0.025 0.09140625
4 0.034375 0.584375 0.03984375 0.121875
5 0.39609375 0.5609375 0.0296875 0.05859375
4 0.39453125 0.51875 0.040625 0.0890625
0 0.43515625 0.55 0.0078125 0.0140625