5 0.45 0.52265625 0.0390625 0.0796875
5 0.42734375 0.45234375 0.03046875 0.071875
5 0.41171875 0.40625 0.021875 0.06796875
5 0.5921875 0.36171875 0.01953125 0.071875
5 0.66015625 0.2390625 0.02265625 0.06875
5 0.7453125 0.534375 0.02734375 0.07109375
3 0.2765625 0.17421875 0.01796875 0.04609375
3 0.7078125 0.35625 0.0203125 0.0671875
4 0.61328125 0.31796875 0.01796875 0.0640625
4 0.52421875 0.37421875 0.02734375 0.0765625
4 0.54140625 0.459375 0.028125 0.0890625
4 0.66484375 0.50546875 0.0328125 0.084375
4 0.76640625 0.60703125 0.04140625 0.11015625
4 0.9 0.21015625 0.015625 0.07265625
0 0.6390625 0.54140625 0.00859375 0.0140625