5 0.190625 0.78203125 0.04375 0.1609375
3 0.04375 0.54140625 0.040625 0.14765625
4 0.4859375 0.68984375 0.05078125 0.153125
5 0.2421875 0.459375 0.04921875 0.13515625
4 0.1734375 0.43203125 0.0234375 0.11640625
4 0.52890625 0.521875 0.03359375 0.11328125
5 0.67109375 0.5234375 0.02421875 0.11796875
5 0.265625 0.4890625 0.0265625 0.11953125
5 0.48671875 0.45859375 0.0234375 0.13203125
5 0.15546875 0.553125 0.025 0.15
4 0.67734375 0.4875 0.01171875 0.06015625
4 0.546875 0.49921875 0.0328125 0.1078125
4 0.1171875 0.5296875 0.0546875 0.0734375
2 0.71171875 0.478125 0.028125 0.1359375