4 0.39921875 0.5 0.03125 0.11640625
4 0.16328125 0.5328125 0.0296875 0.1140625
4 0.0859375 0.29453125 0.02109375 0.09921875
4 0.63515625 0.6625 0.03203125 0.10546875
4 0.5703125 0.4296875 0.0203125 0.10546875
4 0.44609375 0.35078125 0.02890625 0.09609375
0 0.4328125 0.390625 0.00703125 0.01484375
5 0.353125 0.375 0.028125 0.1015625
5 0.4921875 0.35546875 0.02421875 0.08515625
5 0.47265625 0.43984375 0.03125 0.1046875
5 0.6390625 0.42421875 0.0328125 0.10078125
5 0.403125 0.66640625 0.028125 0.13046875
5 0.59296875 0.51796875 0.028125 0.11015625
5 0.60703125 0.596875 0.0421875 0.10859375
5 0.6109375 0.6953125 0.04140625 0.11953125
3 0.2765625 0.49375 0.0234375 0.10703125