0 0.6734375 0.4296875 0.01875 0.03984375
4 0.4125 0.58125 0.07109375 0.28359375
4 0.58203125 0.32890625 0.03515625 0.153125
4 0.5953125 0.20234375 0.01953125 0.08828125
4 0.7296875 0.20390625 0.01875 0.0953125
4 0.4875 0.178125 0.0171875 0.06953125
4 0.28984375 0.2484375 0.021875 0.10546875
5 0.259375 0.2484375 0.0203125 0.10234375
5 0.38046875 0.171875 0.01484375 0.05390625
5 0.46953125 0.209375 0.01953125 0.09375
5 0.59296875 0.14765625 0.0109375 0.03828125
5 0.63984375 0.19140625 0.0140625 0.078125
5 0.70546875 0.296875 0.046875 0.1296875
5 0.75546875 0.553125 0.07890625 0.27109375
5 0.89609375 0.2140625 0.0171875 0.10390625
3 0.84140625 0.19453125 0.01953125 0.10078125
4 0.978125 0.26171875 0.03828125 0.13359375
2 0.3484375 0.15 0.01171875 0.03828125