4 0.315625 0.7625 0.028125 0.1390625
4 0.46796875 0.4296875 0.03515625 0.103125
4 0.56640625 0.421875 0.028125 0.1
4 0.53203125 0.33046875 0.015625 0.09296875
4 0.0109375 0.25625 0.02109375 0.09296875
4 0.12109375 0.57578125 0.03125 0.1421875
4 0.10078125 0.36640625 0.02734375 0.11875
4 0.384375 0.40703125 0.025 0.1171875
4 0.4703125 0.596875 0.03203125 0.1453125
4 0.49765625 0.3453125 0.0203125 0.08359375
2 0.5109375 0.3828125 0.03046875 0.07734375
3 0.178125 0.3453125 0.03515625 0.0984375
3 0.75703125 0.9921875 0.0125 0.015625