4 0.66484375 0.38125 0.0203125 0.08359375
4 0.75546875 0.59609375 0.0296875 0.09375
4 0.840625 0.52578125 0.03515625 0.07890625
4 0.93515625 0.45703125 0.0234375 0.08046875
4 0.9265625 0.37578125 0.02265625 0.08203125
4 0.78046875 0.26875 0.01640625 0.06796875
4 0.57578125 0.2078125 0.02578125 0.05703125
4 0.39375 0.3265625 0.01875 0.06328125
4 0.1328125 0.23125 0.02734375 0.05859375
4 0.2453125 0.5140625 0.02734375 0.07734375
0 0.64921875 0.41640625 0.00703125 0.0125
5 0.6 0.4921875 0.025 0.1078125
5 0.7171875 0.3984375 0.0328125 0.09296875
5 0.87578125 0.43515625 0.03125 0.07734375
5 0.91015625 0.30234375 0.02109375 0.07421875
5 0.67265625 0.26875 0.02265625 0.06484375
5 0.3984375 0.40859375 0.01796875 0.07421875
5 0.3421875 0.53515625 0.0265625 0.08984375
5 0.24140625 0.446875 0.03125 0.07890625
5 0.1859375 0.36875 0.02109375 0.09296875
5 0.109375 0.2703125 0.01875 0.07109375
3 0.5703125 0.3 0.0171875 0.06328125