4 0.434375 0.7765625 0.01796875 0.09296875
4 0.346875 0.5421875 0.01796875 0.06640625
4 0.37578125 0.5046875 0.0140625 0.06796875
4 0.47109375 0.5265625 0.015625 0.06796875
4 0.54375 0.4265625 0.01171875 0.05390625
4 0.6375 0.6109375 0.01171875 0.06796875
4 0.38671875 0.31171875 0.0140625 0.05234375
4 0.11328125 0.3671875 0.0140625 0.05234375
5 0.7046875 0.696875 0.021875 0.09140625
5 0.6546875 0.4390625 0.0109375 0.06640625
5 0.646875 0.5375 0.01484375 0.07578125
5 0.50625 0.7203125 0.01640625 0.08984375
5 0.53203125 0.33671875 0.0109375 0.04921875
5 0.428125 0.52890625 0.01875 0.04140625
5 0.296875 0.6625 0.01640625 0.08515625
5 0.059375 0.72421875 0.02578125 0.09140625
5 0.153125 0.51328125 0.0140625 0.06640625
5 0.184375 0.36640625 0.01328125 0.04765625
2 0.8984375 0.47265625 0.01640625 0.07265625
3 0.7328125 0.9796875 0.01796875 0.040625
3 0.37109375 0.4640625 0.0140625 0.0296875
3 0.19765625 0.22734375 0.0109375 0.04453125
0 0.390625 0.5203125 0.00625 0.01171875