4 0.2921875 0.52265625 0.03203125 0.11796875
4 0.359375 0.48359375 0.04453125 0.10859375
4 0.46953125 0.4515625 0.03984375 0.1
4 0.6671875 0.66640625 0.04140625 0.1640625
4 0.60390625 0.4203125 0.03515625 0.109375
4 0.66796875 0.5 0.0390625 0.125
4 0.7921875 0.45234375 0.02734375 0.11796875
4 0.7109375 0.421875 0.01484375 0.084375
4 0.99140625 0.41953125 0.0171875 0.1140625
5 0.73671875 0.553125 0.028125 0.15
5 0.77421875 0.434375 0.0203125 0.10859375
5 0.70390625 0.39453125 0.0140625 0.096875
5 0.3921875 0.453125 0.03046875 0.0984375
5 0.26875 0.50390625 0.02890625 0.09453125
0 0.4296875 0.48359375 0.00859375 0.01640625
2 0.09140625 0.446875 0.03046875 0.09140625
3 0.83515625 0.53515625 0.05390625 0.115625
3 0.875 0.340625 0.03203125 0.06640625