5 0.22890625 0.4765625 0.02734375 0.10390625
5 0.253125 0.30234375 0.01640625 0.071875
5 0.37734375 0.33359375 0.0203125 0.07890625
5 0.46640625 0.35703125 0.02265625 0.0828125
5 0.3671875 0.41015625 0.01875 0.08515625
5 0.00546875 0.33984375 0.0109375 0.07421875
4 0.18046875 0.42578125 0.025 0.08984375
4 0.29453125 0.3140625 0.03671875 0.0640625
4 0.42890625 0.340625 0.01640625 0.08203125
4 0.54921875 0.415625 0.02734375 0.0921875
2 0.4859375 0.31484375 0.0171875 0.08203125
5 0.88671875 0.5515625 0.02890625 0.10546875
5 0.69765625 0.43203125 0.0328125 0.09453125
4 0.421875 0.490625 0.0265625 0.090625
4 0.72109375 0.5484375 0.02734375 0.10546875
4 0.7171875 0.47890625 0.02265625 0.1
3 0.13515625 0.41171875 0.02109375 0.09609375
4 0.48125 0.3828125 0.025 0.08203125
4 0.3609375 0.42734375 0.02578125 0.0984375
4 0.38046875 0.31953125 0.015625 0.08359375