3 0.521875 0.0296875 0.0203125 0.05234375
3 0.63671875 0.3890625 0.028125 0.0953125
5 0.1640625 0.57109375 0.03671875 0.1203125
5 0.37421875 0.659375 0.04453125 0.1015625
5 0.44609375 0.52265625 0.03125 0.09921875
5 0.25859375 0.4046875 0.03671875 0.0859375
5 0.73671875 0.46015625 0.0328125 0.1015625
5 0.8765625 0.75625 0.04296875 0.121875
5 0.93984375 0.26640625 0.0234375 0.07578125
5 0.51640625 0.15703125 0.01953125 0.065625
0 0.25703125 0.42421875 0.00859375 0.01875
4 0.2203125 0.44140625 0.0328125 0.08359375
4 0.2015625 0.55234375 0.0375 0.1125
4 0.915625 0.94765625 0.0484375 0.1046875
4 0.81484375 0.58359375 0.03984375 0.109375
4 0.98828125 0.43984375 0.0234375 0.0890625
4 0.865625 0.13984375 0.01328125 0.065625