5 0.33046875 0.39453125 0.0234375 0.1078125
4 0.42109375 0.50625 0.034375 0.10703125
5 0.5203125 0.38984375 0.0328125 0.08359375
4 0.446875 0.3734375 0.025 0.07734375
4 0.09296875 0.5859375 0.034375 0.115625
5 0.3796875 0.7078125 0.03515625 0.13125
3 0.271875 0.525 0.02734375 0.11171875
5 0.5796875 0.72734375 0.034375 0.12421875
4 0.58671875 0.45703125 0.0234375 0.0921875
5 0.63828125 0.43828125 0.02890625 0.1015625
5 0.5921875 0.58515625 0.028125 0.08046875
5 0.45078125 0.4546875 0.02421875 0.103125
4 0.05703125 0.33046875 0.021875 0.08515625
4 0.6 0.70078125 0.0359375 0.13359375
5 0.5765625 0.52109375 0.025 0.09375