0 0.675 0.30390625 0.00703125 0.01328125
4 0.71171875 0.421875 0.02890625 0.103125
4 0.6625 0.6390625 0.02890625 0.13515625
4 0.30625 0.46953125 0.02578125 0.103125
4 0.30625 0.39609375 0.02109375 0.0484375
4 0.36796875 0.29609375 0.040625 0.03984375
4 0.465625 0.32734375 0.021875 0.10234375
4 0.45234375 0.290625 0.02109375 0.08984375
4 0.575 0.3203125 0.01875 0.0953125
4 0.6265625 0.33984375 0.02109375 0.07109375
5 0.65234375 0.33125 0.0375 0.07578125
4 0.38515625 0.39375 0.025 0.11484375
5 0.346875 0.25 0.01640625 0.0734375
5 0.009375 0.32890625 0.01875 0.0953125
5 0.25703125 0.50234375 0.034375 0.11484375
5 0.38046875 0.3828125 0.02421875 0.103125
5 0.415625 0.33984375 0.03671875 0.103125
5 0.96640625 0.64453125 0.04140625 0.1375
4 0.17109375 0.3484375 0.02578125 0.08828125
3 0.09765625 0.37265625 0.01953125 0.10234375
2 0.50625 0.3046875 0.03359375 0.053125