5 0.35234375 0.37421875 0.028125 0.1
5 0.47265625 0.4390625 0.03125 0.1015625
3 0.278125 0.49140625 0.028125 0.1078125
4 0.1625 0.53359375 0.03671875 0.1109375
5 0.49140625 0.35703125 0.02109375 0.09296875
5 0.4078125 0.66953125 0.03828125 0.12578125
4 0.57421875 0.428125 0.02265625 0.1078125
4 0.4 0.50078125 0.03125 0.10859375
5 0.61015625 0.6953125 0.04140625 0.11328125
5 0.60703125 0.59765625 0.03671875 0.1109375
5 0.5921875 0.51875 0.0296875 0.10078125
4 0.44453125 0.353125 0.03125 0.090625
4 0.62890625 0.66328125 0.0359375 0.10859375
4 0.084375 0.296875 0.02421875 0.090625
5 0.6421875 0.428125 0.0265625 0.1046875
0 0.4328125 0.390625 0.00859375 0.0140625