5 0.35234375 0.375 0.02890625 0.10078125
5 0.47109375 0.4390625 0.03046875 0.1015625
3 0.27734375 0.49296875 0.02734375 0.10546875
4 0.39921875 0.5 0.03046875 0.1078125
4 0.1625 0.534375 0.03515625 0.11171875
5 0.40546875 0.66875 0.03828125 0.12734375
4 0.084375 0.29765625 0.025 0.09140625
4 0.5703125 0.42890625 0.01640625 0.109375
5 0.49140625 0.35625 0.01875 0.09140625
5 0.609375 0.69609375 0.0421875 0.11328125
4 0.44375 0.35390625 0.0328125 0.0921875
5 0.64140625 0.4265625 0.02734375 0.10546875
5 0.60546875 0.5984375 0.03671875 0.1078125
4 0.63203125 0.6640625 0.0359375 0.09609375
5 0.59296875 0.51953125 0.0296875 0.10078125
0 0.43203125 0.38984375 0.00703125 0.0125