5 0.53125 0.54140625 0.02421875 0.096875
5 0.4453125 0.46640625 0.025 0.09453125
5 0.36484375 0.36484375 0.02421875 0.08984375
5 0.40546875 0.3296875 0.03203125 0.071875
5 0.70234375 0.2828125 0.0328125 0.075
5 0.909375 0.58828125 0.03359375 0.109375
5 0.9203125 0.4453125 0.02421875 0.09765625
3 0.33984375 0.13671875 0.02578125 0.05078125
3 0.87890625 0.4046875 0.03046875 0.1
0 0.3203125 0.33515625 0.00703125 0.0140625
4 0.334375 0.29609375 0.0234375 0.08046875
4 0.47265625 0.5078125 0.0390625 0.0890625
4 0.8546875 0.26015625 0.01953125 0.0640625
4 0.75078125 0.8015625 0.0515625 0.1234375
4 0.8015625 0.23984375 0.0265625 0.065625