2 0.17578125 0.4484375 0.03515625 0.11640625
0 0.46875 0.33515625 0.0109375 0.02109375
4 0.78046875 0.459375 0.04296875 0.1125
4 0.7125 0.409375 0.0390625 0.1140625
4 0.571875 0.35703125 0.0203125 0.071875
4 0.55703125 0.4140625 0.03671875 0.10546875
4 0.52890625 0.58125 0.0390625 0.1125
4 0.5390625 0.51640625 0.0453125 0.10546875
4 0.53125 0.46015625 0.0484375 0.09609375
5 0.6109375 0.503125 0.040625 0.10390625
5 0.4921875 0.25703125 0.03515625 0.08359375
5 0.58671875 0.4265625 0.0421875 0.09453125
5 0.52734375 0.684375 0.04140625 0.1265625
5 0.50078125 0.58515625 0.0484375 0.109375
3 0.89375 0.46796875 0.040625 0.11640625
3 0.51796875 0.1359375 0.03046875 0.06953125