4 0.421875 0.765625 0.03359375 0.14140625
4 0.41875 0.43828125 0.0328125 0.10390625
4 0.596875 0.39375 0.02734375 0.08203125
4 0.4703125 0.325 0.01796875 0.08046875
4 0.07734375 0.22421875 0.0265625 0.0765625
5 0.559375 0.584375 0.046875 0.1359375
5 0.2234375 0.54375 0.0234375 0.1234375
5 0.39609375 0.40078125 0.02890625 0.10390625
5 0.17109375 0.35546875 0.03125 0.09453125
5 0.09375 0.4265625 0.03046875 0.10859375
5 0.03671875 0.25 0.01875 0.08359375
3 0.20703125 0.32578125 0.02734375 0.09296875
5 0.490625 0.35234375 0.03359375 0.09609375
5 0.4859375 0.32109375 0.01875 0.08359375
0 0.703125 0.37421875 0.0078125 0.01796875
2 0.65078125 0.3796875 0.0359375 0.05703125