3 0.41171875 0.2625 0.0296875 0.078125
5 0.59765625 0.32578125 0.040625 0.08515625
4 0.775 0.82421875 0.04921875 0.1578125
4 0.0296875 0.603125 0.04296875 0.13828125
5 0.39296875 0.3140625 0.02890625 0.09765625
5 0.36796875 0.19140625 0.025 0.08515625
4 0.18046875 0.21015625 0.0265625 0.08515625
4 0.54453125 0.31328125 0.03515625 0.0859375
4 0.07890625 0.44375 0.034375 0.125
5 0.9234375 0.5921875 0.03984375 0.15078125
5 0.5859375 0.26484375 0.03828125 0.0828125
4 0.309375 0.36875 0.0296875 0.11015625
4 0.5234375 0.42265625 0.0375 0.09296875
0 0.7546875 0.41953125 0.0109375 0.01328125
5 0.3546875 0.38203125 0.03828125 0.09765625
5 0.62421875 0.40546875 0.03828125 0.10078125
5 0.52734375 0.4984375 0.03515625 0.13515625
4 0.86796875 0.41640625 0.03125 0.0859375
4 0.35859375 0.1421875 0.01875 0.0625