5 0.471875 0.4390625 0.03046875 0.1015625
5 0.35234375 0.37421875 0.02734375 0.1
3 0.278125 0.4921875 0.028125 0.10703125
4 0.1625 0.53515625 0.03671875 0.1125
4 0.4 0.5015625 0.03046875 0.1078125
5 0.4078125 0.66953125 0.0375 0.1265625
5 0.49140625 0.35703125 0.0203125 0.09140625
4 0.57578125 0.428125 0.0265625 0.10859375
5 0.60703125 0.596875 0.0375 0.109375
5 0.61015625 0.6953125 0.04140625 0.11328125
5 0.5921875 0.51875 0.03046875 0.10234375
4 0.08515625 0.29921875 0.025 0.08828125
5 0.640625 0.42734375 0.02578125 0.10546875
4 0.63203125 0.66328125 0.0359375 0.0984375
4 0.4453125 0.3515625 0.0328125 0.09453125
0 0.43203125 0.390625 0.01015625 0.01484375