4 0.4421875 0.409375 0.021875 0.0765625
5 0.45859375 0.21015625 0.0203125 0.065625
4 0.678125 0.059375 0.01796875 0.0640625
4 0.83671875 0.19921875 0.01796875 0.06328125
4 0.6171875 0.48515625 0.03828125 0.09453125
5 0.60546875 0.15234375 0.02265625 0.06953125
3 0.696875 0.403125 0.01875 0.08359375
5 0.52734375 0.51171875 0.03203125 0.08515625
5 0.64140625 0.31640625 0.034375 0.0890625
5 0.6625 0.534375 0.040625 0.09765625
4 0.8078125 0.89140625 0.0375 0.1390625
4 0.54296875 0.09765625 0.01875 0.059375
5 0.4828125 0.48046875 0.03203125 0.10234375
5 0.63359375 0.46484375 0.02734375 0.08515625
5 0.440625 0.35625 0.02109375 0.0671875
5 0.67265625 0.403125 0.03203125 0.08828125
3 0.3828125 0.03203125 0.0203125 0.0375