4 0.41328125 0.415625 0.0375 0.1796875
5 0.79140625 0.26640625 0.02109375 0.096875
3 0.93828125 0.196875 0.0171875 0.06328125
3 0.159375 0.23203125 0.02421875 0.084375
4 0.44453125 0.2546875 0.01875 0.08828125
5 0.76328125 0.2 0.01015625 0.0578125
4 0.6578125 0.19921875 0.01171875 0.05859375
4 0.753125 0.20703125 0.015625 0.06328125
5 0.6015625 0.21875 0.01640625 0.06640625
5 0.3984375 0.2 0.01640625 0.06171875
5 0.68125 0.19765625 0.0109375 0.05234375
5 0.440625 0.184375 0.0140625 0.05546875
4 0.625 0.22109375 0.015625 0.06640625
5 0.64140625 0.1984375 0.01328125 0.05625
5 0.52578125 0.18359375 0.01171875 0.06015625
4 0.41875 0.19453125 0.00703125 0.05390625
2 0.421875 0.1671875 0.009375 0.02109375