4 0.234375 0.6734375 0.0375 0.115625
0 0.40859375 0.321875 0.0125 0.0171875
4 0.2890625 0.4734375 0.03984375 0.0984375
4 0.49765625 0.3953125 0.02421875 0.08984375
4 0.665625 0.63828125 0.03046875 0.096875
4 0.9578125 0.55703125 0.03046875 0.09296875
4 0.84765625 0.30390625 0.02109375 0.07734375
4 0.6265625 0.22734375 0.02265625 0.07265625
4 0.26953125 0.15859375 0.02421875 0.05859375
4 0.08671875 0.365625 0.0296875 0.06171875
3 0.4140625 0.3984375 0.034375 0.08671875
5 0.61328125 0.48828125 0.0265625 0.08203125
5 0.7109375 0.3625 0.02421875 0.07109375
5 0.684375 0.2578125 0.025 0.07734375
5 0.83203125 0.15625 0.02265625 0.07109375
5 0.97734375 0.31953125 0.02890625 0.08984375
5 0.5328125 0.1234375 0.02734375 0.07421875
5 0.07890625 0.40234375 0.04140625 0.07578125
5 0.03828125 0.53515625 0.02578125 0.1046875
5 0.7703125 0.8765625 0.03515625 0.1265625