2 0.8390625 0.66640625 0.05078125 0.121875
5 0.5734375 0.60234375 0.03515625 0.11171875
4 0.6734375 0.59765625 0.0359375 0.1109375
5 0.1125 0.3609375 0.0296875 0.1
3 0.03125 0.4859375 0.04453125 0.07890625
5 0.6203125 0.66171875 0.03203125 0.1015625
5 0.353125 0.52421875 0.0375 0.12734375
4 0.13125 0.55078125 0.04453125 0.109375
5 0.2125 0.6421875 0.03828125 0.1328125
5 0.35546875 0.39609375 0.02421875 0.0578125
5 0.253125 0.43671875 0.0328125 0.1125
5 0.23984375 0.365625 0.0296875 0.0828125
0 0.6578125 0.475 0.01015625 0.02109375
4 0.2390625 0.30078125 0.03203125 0.05
4 0.35078125 0.440625 0.02578125 0.06875