4 0.56796875 0.45625 0.03125 0.109375
4 0.60234375 0.765625 0.034375 0.15
4 0.6734375 0.2328125 0.0203125 0.0984375
4 0.88515625 0.18046875 0.0390625 0.09453125
4 0.63984375 0.1390625 0.02421875 0.071875
4 0.55234375 0.103125 0.025 0.0640625
5 0.85625 0.4796875 0.03359375 0.10703125
5 0.53828125 0.50390625 0.03125 0.10859375
5 0.54140625 0.39453125 0.03203125 0.10859375
5 0.78984375 0.27421875 0.02734375 0.09296875
5 0.54453125 0.2515625 0.03359375 0.09453125
5 0.671875 0.14765625 0.0265625 0.0734375
5 0.58515625 0.165625 0.02109375 0.06953125
5 0.5890625 0.20390625 0.02734375 0.0890625
0 0.62734375 0.17421875 0.00625 0.015625
2 0.16484375 0.42578125 0.0453125 0.11796875
3 0.5375 0.08359375 0.01875 0.078125