4 0.66640625 0.6015625 0.009375 0.08671875
4 0.621875 0.6875 0.01875 0.09140625
4 0.5359375 0.6359375 0.0078125 0.08046875
4 0.46015625 0.640625 0.0140625 0.08671875
4 0.4796875 0.66015625 0.01015625 0.07734375
4 0.415625 0.6734375 0.0109375 0.07265625
4 0.42265625 0.63515625 0.009375 0.0234375
4 0.3640625 0.68984375 0.01953125 0.09296875
4 0.31328125 0.71015625 0.03671875 0.09296875
5 0.87578125 0.59453125 0.0234375 0.08515625
5 0.8421875 0.696875 0.02265625 0.109375
5 0.684375 0.78203125 0.025 0.1265625
5 0.25078125 0.73671875 0.034375 0.096875
5 0.396875 0.66171875 0.021875 0.08359375
5 0.440625 0.6640625 0.01875 0.07578125
5 0.55078125 0.64296875 0.01953125 0.08203125
5 0.48046875 0.60703125 0.01640625 0.0265625
5 0.503125 0.6546875 0.02890625 0.09296875
3 0.73828125 0.7078125 0.01875 0.109375
2 0.24609375 0.65390625 0.02578125 0.07890625
3 0.81484375 0.525 0.0203125 0.04296875
4 0.653125 0.6046875 0.01171875 0.0796875