5 0.9796875 0.63125 0.03671875 0.140625
5 0.61171875 0.40703125 0.02578125 0.1109375
5 0.6265625 0.34296875 0.01953125 0.09140625
5 0.28125 0.49765625 0.0296875 0.1234375
5 0.03046875 0.328125 0.02265625 0.09609375
5 0.378125 0.3828125 0.02421875 0.0984375
5 0.42421875 0.33984375 0.03046875 0.09609375
5 0.35625 0.26875 0.021875 0.0734375
0 0.53359375 0.33046875 0.01171875 0.0140625
4 0.696875 0.6203125 0.04453125 0.1265625
4 0.73203125 0.4390625 0.02890625 0.10859375
4 0.59921875 0.3578125 0.02265625 0.090625
4 0.5515625 0.340625 0.02421875 0.09453125
4 0.4734375 0.33203125 0.0359375 0.0890625
4 0.4578125 0.30234375 0.02109375 0.084375
4 0.35859375 0.475 0.02890625 0.10546875
4 0.3421875 0.42421875 0.02734375 0.1015625
4 0.19921875 0.35703125 0.02265625 0.096875
4 0.36484375 0.2921875 0.0390625 0.04296875
3 0.10859375 0.378125 0.021875 0.10703125
2 0.50859375 0.29375 0.0296875 0.06796875