2 0.77421875 0.47109375 0.025 0.08671875
5 0.015625 0.2453125 0.02109375 0.06796875
5 0.184375 0.53828125 0.0328125 0.10546875
5 0.125 0.890625 0.02890625 0.13125
5 0.3375 0.4515625 0.02265625 0.08125
5 0.41875 0.3640625 0.02734375 0.07265625
5 0.42890625 0.55546875 0.02578125 0.0890625
3 0.103125 0.44921875 0.03359375 0.08125
4 0.0609375 0.6515625 0.0296875 0.11875
4 0.2796875 0.80390625 0.03125 0.13046875
4 0.37265625 0.50078125 0.03203125 0.084375
4 0.4 0.61171875 0.034375 0.08984375
4 0.44375 0.34765625 0.0140625 0.071875
4 0.4734375 0.40703125 0.01953125 0.08046875
4 0.4640625 0.4953125 0.0265625 0.08125
0 0.42578125 0.58046875 0.0046875 0.015625