5 0.88125 0.18671875 0.01328125 0.05859375
5 0.796875 0.17890625 0.01328125 0.0515625
5 0.534375 0.26640625 0.021875 0.0953125
5 0.35078125 0.20546875 0.01328125 0.06484375
5 0.7296875 0.178125 0.01015625 0.04375
4 0.28515625 0.2453125 0.01640625 0.0796875
4 0.3140625 0.2 0.015625 0.05703125
4 0.2875 0.18125 0.0109375 0.0453125
4 0.43359375 0.19609375 0.0140625 0.053125
5 0.52421875 0.17578125 0.0140625 0.04296875
5 0.55859375 0.18046875 0.009375 0.04453125
4 0.56875 0.17734375 0.00703125 0.0390625
5 0.58125 0.18046875 0.01015625 0.0421875
5 0.61484375 0.175 0.0109375 0.0359375
0 0.60703125 0.190625 0.00390625 0.00859375
3 0.62578125 0.18515625 0.01015625 0.053125
4 0.65703125 0.18515625 0.009375 0.0546875
5 0.69140625 0.16640625 0.00703125 0.03671875
5 0.71015625 0.1921875 0.0125 0.0515625
5 0.778125 0.209375 0.009375 0.0625