4 0.44296875 0.36171875 0.0265625 0.0890625
4 0.4046875 0.50546875 0.0359375 0.1015625
5 0.4609375 0.44921875 0.0265625 0.10625
4 0.57578125 0.43984375 0.02265625 0.08515625
4 0.1296875 0.5578125 0.0359375 0.10859375
5 0.646875 0.43671875 0.03125 0.09609375
5 0.340625 0.3828125 0.025 0.1078125
5 0.39140625 0.690625 0.03671875 0.128125
4 0.06953125 0.3125 0.0234375 0.09140625
4 0.6140625 0.6796875 0.03515625 0.11796875
5 0.5953125 0.71015625 0.03359375 0.11328125
5 0.5078125 0.37109375 0.0296875 0.0859375
3 0.27421875 0.50859375 0.028125 0.109375
5 0.58359375 0.5234375 0.0265625 0.1078125
5 0.59765625 0.59921875 0.028125 0.1078125
0 0.434375 0.40234375 0.00859375 0.01484375