4 0.93359375 0.88359375 0.05078125 0.171875
5 0.70625 0.25 0.02109375 0.071875
5 0.51484375 0.3546875 0.034375 0.07734375
4 0.32265625 0.20234375 0.02421875 0.08984375
3 0.53125 0.2546875 0.02265625 0.08671875
4 0.7375 0.4390625 0.0328125 0.11171875
5 0.4609375 0.2984375 0.02109375 0.0875
4 0.13125 0.59921875 0.046875 0.14140625
5 0.69140625 0.49375 0.03125 0.09375
4 0.621875 0.32265625 0.0265625 0.09921875
4 0.2265625 0.43828125 0.03046875 0.11875
5 0.484375 0.19140625 0.01875 0.08046875
5 0.803125 0.4359375 0.0296875 0.08828125
4 0.96953125 0.52421875 0.03359375 0.1234375
5 0.70859375 0.32265625 0.02734375 0.10234375
4 0.3984375 0.3390625 0.02890625 0.1
4 0.45078125 0.1359375 0.02109375 0.0703125
0 0.4046875 0.39375 0.0078125 0.01484375