5 0.44375 0.521875 0.0390625 0.0796875
5 0.42890625 0.465625 0.0390625 0.09921875
5 0.425 0.409375 0.03828125 0.07578125
5 0.6109375 0.36953125 0.03125 0.07578125
5 0.69140625 0.2484375 0.0234375 0.07421875
5 0.73046875 0.54765625 0.02734375 0.07890625
3 0.30390625 0.165625 0.0265625 0.0625
3 0.725 0.3671875 0.0203125 0.0671875
4 0.6328125 0.321875 0.0328125 0.06796875
4 0.5203125 0.3671875 0.02734375 0.0765625
4 0.53359375 0.45546875 0.02734375 0.090625
4 0.65234375 0.5140625 0.0328125 0.084375
4 0.740625 0.6234375 0.04375 0.109375
4 0.946875 0.21015625 0.015625 0.07265625
0 0.63359375 0.55 0.00859375 0.0140625