4 0.6875 0.803125 0.0484375 0.15625
4 0.459375 0.42734375 0.040625 0.09921875
4 0.22890625 0.3953125 0.02890625 0.109375
5 0.29375 0.3984375 0.0265625 0.1
5 0.54609375 0.33125 0.03671875 0.08046875
5 0.54453125 0.39765625 0.03125 0.1
4 0.1046875 0.22578125 0.025 0.0828125
5 0.3390625 0.32734375 0.0296875 0.10078125
4 0.50078125 0.3140625 0.0390625 0.0796875
3 0.3546875 0.27734375 0.0296875 0.084375
5 0.821875 0.590625 0.03203125 0.1375
4 0.7984375 0.40078125 0.0359375 0.1
5 0.296875 0.20546875 0.025 0.07734375
5 0.5375 0.28515625 0.02734375 0.0703125
5 0.4515625 0.51484375 0.03515625 0.1265625
4 0.00703125 0.45078125 0.0140625 0.121875
4 0.29296875 0.15 0.01796875 0.05