5 0.45546875 0.30546875 0.02421875 0.0765625
5 0.73828125 0.33125 0.0265625 0.0921875
4 0.96484375 0.89609375 0.04765625 0.16953125
5 0.7125 0.49375 0.02578125 0.1125
4 0.77265625 0.44921875 0.03046875 0.109375
5 0.02109375 0.33671875 0.0328125 0.10703125
5 0.49921875 0.1984375 0.021875 0.078125
5 0.71171875 0.25 0.01796875 0.07734375
4 0.6265625 0.33203125 0.0265625 0.1015625
4 0.396875 0.33125 0.028125 0.09140625
5 0.55078125 0.353125 0.0234375 0.08515625
5 0.86171875 0.440625 0.0296875 0.10078125
4 0.25234375 0.44296875 0.0296875 0.115625
4 0.14375 0.60234375 0.0421875 0.13515625
4 0.3421875 0.209375 0.02265625 0.08125
4 0.00859375 0.28671875 0.0171875 0.0953125
3 0.55078125 0.26328125 0.02265625 0.09296875
4 0.96640625 0.5609375 0.03046875 0.11484375
4 0.45390625 0.14609375 0.01796875 0.07578125
0 0.40234375 0.3875 0.0078125 0.0140625