5 0.27578125 0.75 0.0203125 0.1078125
5 0.8265625 0.70546875 0.02578125 0.10546875
5 0.67578125 0.775 0.03203125 0.11171875
4 0.36640625 0.70078125 0.0203125 0.10234375
4 0.31875 0.71953125 0.02265625 0.1109375
3 0.80390625 0.53984375 0.02265625 0.06640625
5 0.52265625 0.653125 0.01484375 0.09140625
5 0.84453125 0.58515625 0.0140625 0.06953125
2 0.21640625 0.6640625 0.02890625 0.08984375
4 0.6046875 0.68828125 0.025 0.09375
3 0.728125 0.70390625 0.02578125 0.10234375
4 0.63515625 0.61484375 0.0125 0.0921875
4 0.48046875 0.63828125 0.01171875 0.05546875
0 0.8671875 0.62734375 0.00625 0.0109375
4 0.428125 0.67421875 0.0203125 0.090625
5 0.4453125 0.67890625 0.01640625 0.08359375
5 0.4609375 0.678125 0.01796875 0.0828125
5 0.49140625 0.65546875 0.01796875 0.08984375
4 0.62421875 0.615625 0.009375 0.0859375
5 0.47265625 0.66328125 0.01640625 0.09765625
4 0.51015625 0.64921875 0.009375 0.08359375