2 0.23203125 0.328125 0.02265625 0.04921875
4 0.36171875 0.45078125 0.02265625 0.05859375
4 0.42734375 0.48125 0.02265625 0.065625
4 0.4890625 0.49140625 0.01796875 0.06953125
4 0.46015625 0.375 0.0203125 0.0578125
4 0.4015625 0.28125 0.01953125 0.05546875
4 0.3734375 0.31171875 0.01796875 0.0515625
4 0.56796875 0.2921875 0.0171875 0.05390625
4 0.79296875 0.1578125 0.01171875 0.04453125
4 0.890625 0.3 0.0171875 0.046875
4 0.6875 0.52578125 0.02578125 0.075
0 0.3578125 0.52421875 0.00703125 0.015625
5 0.37109375 0.51328125 0.021875 0.05078125
5 0.4484375 0.45078125 0.01953125 0.06015625
5 0.3796875 0.29375 0.015625 0.05546875
5 0.48046875 0.30390625 0.0203125 0.0515625
5 0.64296875 0.24453125 0.01953125 0.05
5 0.72421875 0.503125 0.0171875 0.07109375
5 0.8203125 0.3765625 0.01640625 0.06171875
3 0.646875 0.44453125 0.0234375 0.0671875
3 0.4421875 0.071875 0.01328125 0.0390625
5 0.86796875 0.17109375 0.00859375 0.04375