5 0.340625 0.81015625 0.02578125 0.12578125
4 0.2265625 0.8828125 0.025 0.121875
4 0.0828125 0.53515625 0.01640625 0.09609375
4 0.2734375 0.54296875 0.0234375 0.09765625
4 0.515625 0.58828125 0.02265625 0.084375
4 0.37890625 0.48125 0.02109375 0.084375
4 0.43515625 0.36875 0.0265625 0.06953125
4 0.1421875 0.25703125 0.01953125 0.06484375
3 0.15078125 0.45078125 0.02578125 0.07890625
5 0.12734375 0.68046875 0.02734375 0.109375
5 0.48828125 0.6609375 0.02734375 0.1125
5 0.496875 0.49609375 0.03828125 0.06796875
5 0.525 0.4140625 0.01875 0.084375
5 0.46484375 0.33515625 0.0203125 0.06484375
5 0.36328125 0.49609375 0.028125 0.0828125
0 0.45 0.565625 0.0078125 0.009375
2 0.8703125 0.47734375 0.0234375 0.09609375