4 0.41640625 0.55625 0.02109375 0.078125
4 0.3484375 0.4359375 0.0203125 0.06484375
4 0.35625 0.28125 0.0203125 0.05546875
4 0.37109375 0.2484375 0.015625 0.05625
4 0.55703125 0.27734375 0.01796875 0.05625
4 0.50234375 0.47265625 0.021875 0.0671875
4 0.67890625 0.5109375 0.0171875 0.0765625
4 0.4640625 0.365625 0.015625 0.053125
4 0.8265625 0.2625 0.015625 0.05390625
4 0.7390625 0.12890625 0.01171875 0.04375
3 0.39453125 0.0484375 0.01171875 0.0359375
3 0.646875 0.42421875 0.0203125 0.06640625
2 0.1453125 0.32109375 0.0203125 0.05390625
5 0.3765625 0.5390625 0.0234375 0.07265625
5 0.46484375 0.525 0.0234375 0.06875
5 0.70390625 0.48359375 0.01953125 0.06953125
5 0.81796875 0.3546875 0.01875 0.0640625
5 0.6453125 0.23671875 0.0171875 0.04921875
5 0.4734375 0.28203125 0.01171875 0.05078125
5 0.3859375 0.26171875 0.01484375 0.0515625
5 0.8203125 0.13515625 0.01328125 0.04921875
5 0.99765625 0.2640625 0.0046875 0.04375
0 0.35078125 0.56484375 0.00859375 0.01484375