5 0.8703125 0.71640625 0.02421875 0.103125
4 0.365625 0.70703125 0.03125 0.10546875
5 0.259375 0.7625 0.03046875 0.10859375
4 0.39765625 0.684375 0.02578125 0.10078125
4 0.3125 0.7234375 0.03125 0.1109375
5 0.6984375 0.76796875 0.02265625 0.10625
3 0.79609375 0.54609375 0.021875 0.0609375
5 0.41796875 0.6765625 0.0140625 0.1078125
4 0.46484375 0.66015625 0.021875 0.09765625
0 0.85625 0.62890625 0.00703125 0.0109375
5 0.8296875 0.578125 0.01796875 0.08828125
5 0.509375 0.68125 0.02578125 0.08671875
2 0.209375 0.665625 0.0296875 0.10625
4 0.62578125 0.61328125 0.0109375 0.09140625
4 0.60703125 0.6984375 0.021875 0.096875
4 0.49765625 0.6625 0.01328125 0.078125
4 0.43203125 0.67265625 0.0125 0.09765625
5 0.47890625 0.6546875 0.0171875 0.10390625
5 0.509375 0.62109375 0.0125 0.0265625
4 0.61328125 0.61328125 0.0125 0.08203125
3 0.696875 0.68125 0.0171875 0.09296875