5 0.9875 0.68515625 0.025 0.10625
4 0.74453125 0.68203125 0.03046875 0.10078125
5 0.8 0.78125 0.028125 0.1234375
5 0.2890625 0.7078125 0.0375 0.10234375
4 0.77890625 0.590625 0.01953125 0.0875
4 0.8015625 0.590625 0.02265625 0.0921875
3 0.846875 0.7078125 0.02734375 0.10703125
4 0.5734375 0.63125 0.0234375 0.07734375
4 0.534375 0.6265625 0.02421875 0.0796875
5 0.6359375 0.61015625 0.01328125 0.090625
4 0.3390625 0.671875 0.03671875 0.096875
4 0.43828125 0.6515625 0.03359375 0.10390625
3 0.91796875 0.50625 0.0125 0.05390625
4 0.64921875 0.60625 0.01171875 0.08046875
5 0.55234375 0.6078125 0.02109375 0.09296875
5 0.5703125 0.5859375 0.01640625 0.03046875
4 0.48515625 0.6328125 0.0140625 0.0796875
4 0.4703125 0.65078125 0.01640625 0.10234375
5 0.4578125 0.61171875 0.0171875 0.06015625
5 0.434375 0.60703125 0.01875 0.034375
2 0.34765625 0.61875 0.01796875 0.04765625