2 0.4890625 0.16171875 0.01015625 0.03828125
5 0.58671875 0.34609375 0.040625 0.16796875
5 0.71640625 0.1859375 0.01484375 0.07421875
5 0.69453125 0.21640625 0.01796875 0.08984375
4 0.63671875 0.8578125 0.10546875 0.284375
0 0.3859375 0.22265625 0.00625 0.01328125
5 0.38203125 0.2 0.0171875 0.0640625
4 0.434375 0.190625 0.0203125 0.06015625
4 0.5421875 0.23125 0.02109375 0.08125
4 0.52890625 0.203125 0.01328125 0.071875
5 0.54375 0.16796875 0.009375 0.04765625
4 0.65234375 0.16484375 0.0109375 0.0515625
4 0.88671875 0.24453125 0.0203125 0.10859375
5 0.8859375 0.1671875 0.015625 0.05078125