5 0.3984375 0.3234375 0.03515625 0.14921875
5 0.37109375 0.2375 0.02265625 0.09140625
5 0.6703125 0.340625 0.0359375 0.16015625
0 0.6984375 0.3859375 0.01328125 0.034375
5 0.0828125 0.31015625 0.04140625 0.128125
4 0.246875 0.3171875 0.03984375 0.14140625
4 0.0265625 0.284375 0.040625 0.11875
4 0.08984375 0.22734375 0.0234375 0.05390625
4 0.45078125 0.25234375 0.021875 0.09453125
4 0.5625 0.3609375 0.0359375 0.1515625
4 0.5921875 0.29609375 0.03046875 0.1140625
2 0.44140625 0.1640625 0.0125 0.0515625