2 0.51796875 0.29296875 0.02578125 0.0734375
0 0.36875 0.29609375 0.00703125 0.009375
5 0.9859375 0.62734375 0.028125 0.14140625
5 0.63828125 0.415625 0.04453125 0.09921875
5 0.6046875 0.34609375 0.021875 0.0875
5 0.43359375 0.3359375 0.02734375 0.1015625
5 0.3796875 0.38046875 0.0234375 0.0859375
5 0.2890625 0.49140625 0.03203125 0.1171875
5 0.034375 0.3296875 0.03671875 0.09296875
5 0.34375 0.2671875 0.0125 0.03203125
4 0.2109375 0.36640625 0.02421875 0.0921875
4 0.35625 0.42734375 0.02421875 0.109375
4 0.38203125 0.47421875 0.0265625 0.09921875
4 0.45390625 0.30078125 0.02734375 0.084375
4 0.48671875 0.328125 0.021875 0.08828125
4 0.53203125 0.34375 0.025 0.0921875
4 0.5890625 0.371875 0.025 0.090625
4 0.74375 0.4515625 0.02421875 0.10234375
4 0.7125 0.60625 0.021875 0.1296875
3 0.11796875 0.37734375 0.025 0.103125
4 0.35234375 0.28359375 0.034375 0.0578125