5 0.41640625 0.26015625 0.03203125 0.09609375
5 0.8828125 0.23671875 0.0234375 0.0796875
4 0.4953125 0.184375 0.0140625 0.0515625
5 0.46796875 0.21953125 0.0265625 0.0671875
4 0.3390625 0.2234375 0.01484375 0.06640625
4 0.4375 0.2109375 0.0140625 0.0671875
5 0.609375 0.22734375 0.02109375 0.078125
4 0.534375 0.1921875 0.01328125 0.06015625
3 0.98046875 0.22890625 0.0171875 0.06875
4 0.55625 0.209375 0.0140625 0.06484375
4 0.578125 0.246875 0.02578125 0.08046875
2 0.1375 0.1859375 0.01171875 0.05078125
0 0.45703125 0.24296875 0.00546875 0.01171875
5 0.5453125 0.184375 0.0078125 0.04140625
5 0.99375 0.2046875 0.01171875 0.06015625