5 0.35234375 0.375 0.0296875 0.1
5 0.47109375 0.4390625 0.03125 0.10078125
3 0.278125 0.49296875 0.028125 0.10625
4 0.1625 0.53515625 0.03671875 0.1125
4 0.39921875 0.50078125 0.03046875 0.10703125
5 0.40546875 0.66875 0.03828125 0.1265625
5 0.49140625 0.35625 0.0203125 0.0921875
4 0.57578125 0.428125 0.02734375 0.109375
4 0.084375 0.29765625 0.02578125 0.09140625
5 0.60625 0.5984375 0.0375 0.1078125
5 0.609375 0.69609375 0.0421875 0.11328125
4 0.63203125 0.66328125 0.0359375 0.09609375
5 0.64140625 0.4265625 0.028125 0.10546875
4 0.44375 0.35390625 0.0328125 0.09296875
5 0.59296875 0.51953125 0.03046875 0.10078125
0 0.43203125 0.3890625 0.01015625 0.015625