5 0.5 0.4078125 0.03046875 0.08671875
5 0.615625 0.47265625 0.028125 0.1015625
5 0.6421875 0.51875 0.02890625 0.103125
5 0.7078125 0.46328125 0.034375 0.09375
5 0.771875 0.5203125 0.040625 0.1015625
5 0.828125 0.4296875 0.021875 0.10703125
5 0.77421875 0.33828125 0.03828125 0.09453125
5 0.79375 0.16953125 0.0234375 0.06796875
5 0.609375 0.23984375 0.02890625 0.07421875
2 0.23125 0.39453125 0.03671875 0.07109375
0 0.43125 0.49609375 0.009375 0.0125
4 0.484375 0.46484375 0.03125 0.090625
4 0.68125 0.4890625 0.034375 0.08828125
4 0.75625 0.11640625 0.02265625 0.06328125
4 0.95859375 0.071875 0.01953125 0.0671875
4 0.82109375 0.9015625 0.0609375 0.13671875
3 0.53515625 0.03671875 0.01875 0.0640625
3 0.9015625 0.47265625 0.03046875 0.08828125