4 0.7484375 0.53671875 0.03046875 0.11328125
3 0.10078125 0.51328125 0.0234375 0.13125
2 0.7234375 0.45 0.0296875 0.08984375
4 0.2609375 0.73828125 0.03828125 0.14921875
5 0.5234375 0.45625 0.0234375 0.10625
4 0.171875 0.425 0.028125 0.0875
5 0.634375 0.51796875 0.028125 0.0984375
4 0.6953125 0.51953125 0.02734375 0.1171875
4 0.26953125 0.48125 0.0265625 0.0671875
5 0.37421875 0.46328125 0.02890625 0.096875
5 0.40390625 0.45703125 0.03125 0.103125
5 0.1265625 0.528125 0.04140625 0.1265625
4 0.66171875 0.4859375 0.03203125 0.0953125
0 0.4203125 0.33984375 0.00859375 0.0125