4 0.34609375 0.76484375 0.02890625 0.153125
4 0.4484375 0.43515625 0.03203125 0.1015625
4 0.56953125 0.4140625 0.03515625 0.08515625
4 0.51484375 0.33984375 0.021875 0.0875
4 0.02734375 0.246875 0.02109375 0.06171875
5 0.49921875 0.35625 0.01640625 0.08359375
5 0.3828125 0.4109375 0.01640625 0.115625
5 0.4921875 0.59765625 0.028125 0.146875
5 0.15234375 0.5734375 0.025 0.1125
5 0.121875 0.371875 0.021875 0.1015625
5 0.021875 0.4484375 0.02265625 0.1
3 0.184375 0.34453125 0.03125 0.09140625
2 0.553125 0.3921875 0.0296875 0.05859375
0 0.7671875 0.34921875 0.00703125 0.0140625