5 0.69140625 0.7359375 0.03515625 0.09453125
5 0.5015625 0.76875 0.0234375 0.0984375
5 0.309375 0.6796875 0.02109375 0.08984375
5 0.446875 0.540625 0.025 0.05703125
5 0.6578125 0.540625 0.01484375 0.08125
5 0.67109375 0.45625 0.0171875 0.075
5 0.5609375 0.35 0.0171875 0.053125
5 0.1640625 0.51015625 0.01484375 0.0640625
5 0.159375 0.378125 0.0125 0.0578125
4 0.5359375 0.428125 0.02109375 0.0484375
4 0.640625 0.62421875 0.03125 0.08046875
4 0.4640625 0.54765625 0.0171875 0.07734375
4 0.45 0.4921875 0.03515625 0.0578125
4 0.38828125 0.3140625 0.01328125 0.053125
4 0.32890625 0.5359375 0.02421875 0.07734375
4 0.44296875 0.81875 0.0234375 0.09921875
3 0.346875 0.490625 0.02578125 0.06953125
2 0.98671875 0.4984375 0.025 0.0765625
3 0.1828125 0.21640625 0.01875 0.04453125
4 0.10859375 0.38828125 0.01875 0.06953125
0 0.46953125 0.51953125 0.003125 0.00625