5 0.453125 0.28828125 0.02265625 0.1046875
5 0.28359375 0.33828125 0.0265625 0.1234375
3 0.321875 0.2359375 0.0234375 0.10234375
4 0.7453125 0.21484375 0.01328125 0.06171875
5 0.1734375 0.3203125 0.0265625 0.109375
5 0.040625 0.2359375 0.01875 0.07734375
5 0.53671875 0.190625 0.01484375 0.0578125
4 0.80703125 0.2953125 0.0234375 0.09296875
4 0.26796875 0.146875 0.0109375 0.0484375
4 0.08984375 0.2640625 0.02734375 0.0875
4 0.31328125 0.334375 0.02421875 0.115625
5 0.48671875 0.40234375 0.05078125 0.13125
5 0.2265625 0.1984375 0.01875 0.0578125
4 0.5390625 0.46015625 0.03203125 0.1640625
4 0.3015625 0.2609375 0.0171875 0.0796875
4 0.1875 0.28984375 0.01796875 0.11171875
4 0.50390625 0.39921875 0.03828125 0.134375
5 0.1921875 0.27734375 0.01875 0.121875
0 0.5921875 0.44765625 0.01875 0.02734375