2 0.4796875 0.15703125 0.01171875 0.03984375
5 0.55625 0.23671875 0.03125 0.0984375
5 0.8328125 0.4546875 0.04921875 0.2359375
5 0.74375 0.23671875 0.02265625 0.0984375
4 0.49609375 0.25625 0.021875 0.1046875
4 0.846875 0.23046875 0.02265625 0.09609375
0 0.6015625 0.234375 0.009375 0.0171875
4 0.5234375 0.2 0.01953125 0.065625
4 0.64296875 0.17890625 0.01328125 0.0609375
5 0.62890625 0.190625 0.0140625 0.06015625
4 0.76015625 0.165625 0.015625 0.06171875
4 0.97421875 0.28125 0.03671875 0.15234375
5 0.946875 0.175 0.0140625 0.06875