4 0.08671875 0.2984375 0.02578125 0.103125
4 0.16640625 0.5359375 0.03515625 0.109375
4 0.39921875 0.49765625 0.03515625 0.109375
4 0.44921875 0.353125 0.0234375 0.09296875
4 0.571875 0.42578125 0.0203125 0.0953125
4 0.6359375 0.66015625 0.02421875 0.1046875
0 0.4328125 0.390625 0.0046875 0.021875
5 0.35390625 0.371875 0.02734375 0.1109375
5 0.49296875 0.35390625 0.0265625 0.08828125
5 0.640625 0.42109375 0.0328125 0.1078125
5 0.590625 0.5171875 0.021875 0.1046875
5 0.6078125 0.60078125 0.04375 0.08828125
5 0.61015625 0.69609375 0.0390625 0.1203125
3 0.27421875 0.49296875 0.02109375 0.121875
5 0.4046875 0.6671875 0.02578125 0.128125
5 0.471875 0.4390625 0.0328125 0.10625