5 0.5375 0.3515625 0.02109375 0.090625
4 0.74375 0.57421875 0.02734375 0.109375
4 0.56875 0.39921875 0.028125 0.109375
4 0.2140625 0.40546875 0.0296875 0.08984375
4 0.47265625 0.33359375 0.025 0.08828125
4 0.42265625 0.47890625 0.0265625 0.09765625
4 0.48984375 0.36796875 0.0296875 0.09609375
5 0.275 0.284375 0.02734375 0.0703125
5 0.96015625 0.5875 0.04140625 0.13359375
5 0.6890625 0.4328125 0.0375 0.10625
4 0.36875 0.425 0.02578125 0.103125
4 0.74609375 0.47265625 0.0296875 0.10546875
5 0.01484375 0.328125 0.02265625 0.0828125
5 0.2796875 0.47890625 0.02890625 0.11171875
4 0.2921875 0.28359375 0.021875 0.06953125
5 0.42265625 0.32578125 0.03046875 0.096875
3 0.1421875 0.38984375 0.0265625 0.09609375
2 0.5140625 0.29765625 0.015625 0.08125
5 0.38203125 0.3953125 0.028125 0.0953125
4 0.41640625 0.3125 0.021875 0.08984375
0 0.28046875 0.2703125 0.00625 0.01015625