4 0.2296875 0.28203125 0.03046875 0.0796875
4 0.4171875 0.5171875 0.0234375 0.1046875
4 0.728125 0.853125 0.04453125 0.1484375
4 0.74296875 0.25625 0.02109375 0.0859375
4 0.671875 0.23671875 0.0203125 0.071875
4 0.8921875 0.4234375 0.02734375 0.10625
5 0.28359375 0.3046875 0.0265625 0.084375
5 0.29609375 0.37421875 0.04296875 0.08828125
5 0.365625 0.48125 0.0390625 0.10078125
5 0.44296875 0.55859375 0.040625 0.1109375
5 0.95 0.2890625 0.03828125 0.08671875
5 0.82265625 0.6 0.04765625 0.115625
5 0.609375 0.275 0.0265625 0.07734375
5 0.82734375 0.44765625 0.0390625 0.10078125
3 0.81484375 0.3859375 0.040625 0.10234375
0 0.27109375 0.33359375 0.00703125 0.0109375
3 0.20078125 0.12109375 0.03125 0.0515625