2 0.153125 0.19453125 0.02421875 0.07109375
0 0.5890625 0.17578125 0.0140625 0.025
5 0.509375 0.33046875 0.04453125 0.128125
5 0.5625 0.26171875 0.03515625 0.1140625
5 0.7234375 0.221875 0.01875 0.08203125
5 0.72890625 0.41640625 0.04375 0.19453125
5 0.60625 0.52734375 0.05390625 0.2390625
5 0.91640625 0.41328125 0.04453125 0.1703125
4 0.90078125 0.2171875 0.0203125 0.07265625
4 0.9625 0.27109375 0.02421875 0.12109375
4 0.68359375 0.28203125 0.0390625 0.08984375
4 0.68125 0.39140625 0.03828125 0.15625