4 0.3203125 0.4109375 0.02109375 0.0890625
5 0.1578125 0.41015625 0.02265625 0.08984375
5 0.38671875 0.5953125 0.0265625 0.10859375
4 0.6203125 0.34453125 0.021875 0.08828125
4 0.44453125 0.26328125 0.01953125 0.06796875
4 0.66171875 0.67578125 0.02734375 0.11953125
5 0.18828125 0.2625 0.01953125 0.0796875
5 0.5078125 0.83359375 0.03125 0.146875
3 0.403125 0.3046875 0.01640625 0.0703125
4 0.60859375 0.4234375 0.0265625 0.09375
5 0.4671875 0.23828125 0.02265625 0.06875
4 0.690625 0.31015625 0.02890625 0.06640625
4 0.428125 0.509375 0.02890625 0.09921875
4 0.44609375 0.33203125 0.021875 0.08125
5 0.71640625 0.3203125 0.02890625 0.0625
5 0.66875 0.3421875 0.015625 0.078125
2 0.9828125 0.3515625 0.0203125 0.09921875
4 0.6421875 0.23984375 0.01484375 0.06875
5 0.61015625 0.21875 0.01484375 0.05859375
3 0.78046875 0.9609375 0.0390625 0.078125