4 0.725 0.390625 0.03125 0.08671875
3 0.446875 0.171875 0.01640625 0.040625
4 0.55703125 0.42734375 0.02578125 0.08515625
5 0.54140625 0.596875 0.0296875 0.10546875
5 0.44375 0.434375 0.02890625 0.0828125
4 0.4515625 0.640625 0.03671875 0.10234375
5 0.59765625 0.4609375 0.025 0.0578125
3 0.87265625 0.52578125 0.02890625 0.09609375
2 0.090625 0.475 0.03203125 0.08515625
4 0.49765625 0.34921875 0.025 0.08046875
5 0.85625 0.30625 0.02734375 0.08046875
4 0.58359375 0.521875 0.02734375 0.090625
5 0.45625 0.5140625 0.0328125 0.0890625
0 0.5703125 0.55078125 0.00859375 0.01328125
5 0.4484375 0.4828125 0.03125 0.07578125