2 0.09296875 0.47734375 0.02890625 0.08984375
4 0.453125 0.6453125 0.04765625 0.10390625
4 0.50078125 0.35 0.02421875 0.0796875
4 0.5828125 0.521875 0.02890625 0.08671875
4 0.55859375 0.43046875 0.03359375 0.08203125
4 0.725 0.39296875 0.028125 0.08671875
3 0.87265625 0.52578125 0.0328125 0.09609375
5 0.8578125 0.30703125 0.02890625 0.075
5 0.540625 0.59921875 0.02265625 0.09453125
5 0.4578125 0.515625 0.02734375 0.0796875
5 0.44609375 0.43671875 0.03359375 0.08515625
5 0.446875 0.48046875 0.02421875 0.0796875
5 0.5921875 0.4765625 0.04296875 0.08671875
0 0.56953125 0.55 0.0078125 0.01171875
3 0.4484375 0.171875 0.0140625 0.04140625