5 0.4703125 0.42734375 0.02578125 0.1109375
4 0.56796875 0.425 0.03359375 0.09140625
4 0.11171875 0.29375 0.025 0.08671875
4 0.7390625 0.64609375 0.0390625 0.11328125
5 0.3609375 0.3609375 0.02578125 0.1078125
4 0.36796875 0.5171875 0.0375 0.11875
5 0.58125 0.5203125 0.0265625 0.1203125
5 0.67890625 0.60546875 0.04375 0.12578125
4 0.45 0.3328125 0.02734375 0.09921875
5 0.60234375 0.41328125 0.02578125 0.09609375
5 0.421875 0.64140625 0.03828125 0.12890625
4 0.23359375 0.51484375 0.034375 0.1125
0 0.6296875 0.34296875 0.0109375 0.0140625
5 0.69453125 0.66953125 0.0484375 0.13046875
5 0.46796875 0.34140625 0.021875 0.07578125
3 0.2578125 0.48671875 0.03515625 0.1375