0 0.50546875 0.325 0.0078125 0.0140625
3 0.97265625 0.45546875 0.040625 0.11796875
3 0.571875 0.12421875 0.02421875 0.07109375
5 0.62265625 0.51171875 0.0375 0.1078125
5 0.54609375 0.66484375 0.053125 0.11484375
5 0.5140625 0.5796875 0.0359375 0.10703125
5 0.6046875 0.40859375 0.0328125 0.09140625
5 0.52421875 0.27734375 0.03046875 0.08359375
4 0.80546875 0.465625 0.0421875 0.11484375
4 0.7515625 0.41328125 0.04140625 0.11484375
4 0.57734375 0.36171875 0.028125 0.09609375
4 0.6109375 0.4375 0.040625 0.09921875
4 0.559375 0.4609375 0.0421875 0.09375
4 0.55859375 0.51015625 0.03671875 0.08203125
2 0.23359375 0.45234375 0.03828125 0.11640625
4 0.5734375 0.58828125 0.0453125 0.1