2 0.03046875 0.265625 0.04296875 0.11171875
4 0.26015625 0.53203125 0.05078125 0.10078125
4 0.31640625 0.6734375 0.0359375 0.165625
4 0.92734375 0.70078125 0.05625 0.146875
4 0.971875 0.96953125 0.03515625 0.05703125
0 0.2265625 0.484375 0.01171875 0.01484375
5 0.40703125 0.484375 0.06640625 0.12109375
5 0.284375 0.65625 0.0296875 0.13828125
5 0.43671875 0.7171875 0.0421875 0.1390625
5 0.56484375 0.6046875 0.02734375 0.1265625
5 0.91875 0.534375 0.0484375 0.12890625
5 0.7140625 0.1625 0.04140625 0.0875
5 0.9765625 0.890625 0.04609375 0.14453125
3 0.80234375 0.41875 0.03984375 0.11015625