5 0.2875 0.25546875 0.0203125 0.08828125
5 0.40546875 0.44765625 0.0375 0.20234375
5 0.34921875 0.29140625 0.02421875 0.10546875
5 0.821875 0.22734375 0.01796875 0.07421875
4 0.48203125 0.2828125 0.025 0.09765625
5 0.48359375 0.19140625 0.0140625 0.05703125
4 0.38125 0.19765625 0.01640625 0.05703125
5 0.7546875 0.2109375 0.01484375 0.06484375
4 0.8984375 0.2265625 0.02109375 0.07890625
5 0.559375 0.22265625 0.0140625 0.06640625
5 0.5 0.21015625 0.01640625 0.0609375
3 0.91875 0.2109375 0.01484375 0.0671875
4 0.5765625 0.2296875 0.015625 0.06875
4 0.52578125 0.2578125 0.01328125 0.08515625
2 0.4 0.18515625 0.009375 0.040625
4 0.63984375 0.59765625 0.05625 0.15703125
4 0.68046875 0.88125 0.07421875 0.23671875
4 0.621875 0.8109375 0.04296875 0.325
4 0.46796875 0.896875 0.0734375 0.20625
4 0.09765625 0.86328125 0.109375 0.25234375
4 0.009375 0.659375 0.015625 0.25703125