3 0.528125 0.2109375 0.0171875 0.08046875
5 0.87578125 0.2515625 0.01953125 0.08828125
5 0.3765625 0.46484375 0.03046875 0.1828125
5 0.3828125 0.25703125 0.01484375 0.078125
4 0.5453125 0.43828125 0.02734375 0.16484375
3 0.3390625 0.14609375 0.0109375 0.04296875
5 0.45234375 0.178125 0.01015625 0.04765625
5 0.23046875 0.1953125 0.01171875 0.05078125
5 0.4421875 0.16328125 0.00859375 0.05546875
4 0.5671875 0.18984375 0.0125 0.05390625
4 0.12734375 0.22578125 0.01484375 0.071875
5 0.16953125 0.16953125 0.009375 0.04375
4 0.25078125 0.19609375 0.0109375 0.053125
2 0.0265625 0.19765625 0.01328125 0.05625
4 0.43515625 0.19453125 0.0125 0.05234375
4 0.50390625 0.1796875 0.01171875 0.04296875
4 0.5109375 0.2421875 0.015625 0.071875
4 0.74375 0.20859375 0.01328125 0.07109375
4 0.71015625 0.17109375 0.0078125 0.03671875
5 0.6390625 0.171875 0.0109375 0.04140625
5 0.71640625 0.209375 0.0125 0.06328125
0 0.49296875 0.1890625 0.00546875 0.0109375