4 0.63359375 0.34296875 0.02890625 0.09609375
5 0.77265625 0.33203125 0.02265625 0.0921875
5 0.7171875 0.253125 0.02109375 0.0765625
5 0.08359375 0.34140625 0.025 0.0953125
5 0.4546875 0.30390625 0.028125 0.0703125
4 0.03359375 0.2859375 0.02890625 0.0984375
5 0.51875 0.20390625 0.0234375 0.07421875
4 0.39296875 0.3234375 0.0265625 0.096875
5 0.73046875 0.51328125 0.0265625 0.121875
4 0.28515625 0.4421875 0.034375 0.11796875
4 0.96796875 0.590625 0.02890625 0.11875
4 0.17421875 0.603125 0.02890625 0.1359375
5 0.5796875 0.35234375 0.0234375 0.08203125
4 0.371875 0.2125 0.021875 0.075
4 0.81328125 0.46015625 0.03515625 0.109375
5 0.91015625 0.44765625 0.0328125 0.096875
3 0.578125 0.275 0.02421875 0.096875
4 0.46015625 0.159375 0.01484375 0.04296875
4 0.98828125 0.9046875 0.0234375 0.15234375
0 0.4046875 0.371875 0.00859375 0.01484375