5 0.26796875 0.75625 0.03046875 0.1078125
5 0.83828125 0.70859375 0.02578125 0.10546875
5 0.68671875 0.77421875 0.03203125 0.11171875
4 0.35390625 0.70546875 0.0375 0.10703125
4 0.3203125 0.71796875 0.04296875 0.1109375
3 0.80078125 0.54296875 0.02265625 0.06640625
5 0.51953125 0.653125 0.021875 0.0921875
5 0.83828125 0.58046875 0.01171875 0.08125
2 0.21640625 0.6640625 0.02890625 0.08984375
4 0.6046875 0.68828125 0.025 0.09375
3 0.7203125 0.69921875 0.02578125 0.10234375
4 0.63515625 0.61484375 0.0125 0.0921875
4 0.478125 0.6578125 0.01640625 0.0984375
4 0.5015625 0.65546875 0.01875 0.0890625
0 0.865625 0.62890625 0.00625 0.0109375
4 0.42265625 0.67890625 0.0203125 0.090625
5 0.440625 0.6765625 0.015625 0.08984375
5 0.459375 0.67421875 0.0203125 0.09140625
5 0.4921875 0.65859375 0.0140625 0.084375
4 0.62421875 0.615625 0.009375 0.0859375