0 0.8703125 0.628125 0.00859375 0.0140625
5 0.82421875 0.6984375 0.025 0.1203125
5 0.66640625 0.7796875 0.0265625 0.1203125
5 0.44921875 0.6828125 0.02265625 0.09140625
5 0.53515625 0.64375 0.021875 0.0984375
5 0.40625 0.64609375 0.01796875 0.02578125
5 0.48046875 0.65625 0.01484375 0.1078125
5 0.43203125 0.68125 0.02109375 0.1046875
5 0.2625 0.7484375 0.03359375 0.10703125
2 0.2171875 0.66796875 0.0296875 0.0984375
4 0.31640625 0.728125 0.03671875 0.10078125
4 0.36640625 0.69921875 0.0234375 0.10625
4 0.41640625 0.67578125 0.01640625 0.103125
4 0.4609375 0.6390625 0.01015625 0.0625
4 0.51953125 0.64375 0.01015625 0.10625
4 0.6046875 0.6921875 0.02265625 0.09296875
4 0.6453125 0.6125 0.015625 0.1015625
4 0.6296875 0.61171875 0.0125 0.09140625
3 0.7265625 0.721875 0.02421875 0.0984375
3 0.80703125 0.53984375 0.0296875 0.07421875
5 0.85859375 0.59609375 0.02109375 0.08828125
4 0.47109375 0.6703125 0.01796875 0.0796875