5 0.340625 0.23359375 0.01875 0.0859375
5 0.40390625 0.29609375 0.02109375 0.11484375
5 0.4640625 0.1984375 0.01328125 0.05078125
4 0.4984375 0.19453125 0.01484375 0.05703125
5 0.89609375 0.18984375 0.0140625 0.059375
5 0.64296875 0.2 0.0109375 0.0609375
4 0.58203125 0.1765625 0.0109375 0.04765625
4 0.77890625 0.20078125 0.01875 0.05859375
4 0.66640625 0.2 0.0109375 0.0640625
3 0.62890625 0.203125 0.01015625 0.06484375
4 0.9125 0.21328125 0.01875 0.08203125
4 0.9171875 0.2 0.015625 0.0796875
4 0.78828125 0.1734375 0.01484375 0.0640625
5 0.25234375 0.196875 0.01328125 0.0578125
5 0.9234375 0.23203125 0.01796875 0.08671875
5 0.4578125 0.1734375 0.00625 0.0390625
0 0.459375 0.1984375 0.0046875 0.01015625