4 0.6046875 0.87578125 0.0375 0.128125
4 0.76484375 0.5265625 0.046875 0.09296875
4 0.6984375 0.265625 0.02578125 0.09140625
4 0.56015625 0.09921875 0.0140625 0.07265625
4 0.4625 0.321875 0.01875 0.084375
4 0.39296875 0.4578125 0.02421875 0.096875
4 0.40703125 0.23203125 0.02265625 0.08671875
4 0.20703125 0.10078125 0.015625 0.05546875
0 0.70546875 0.53359375 0.01640625 0.01875
5 0.69296875 0.45390625 0.028125 0.09296875
5 0.53203125 0.2375 0.01796875 0.084375
5 0.3359375 0.18671875 0.015625 0.07421875
5 0.20234375 0.35546875 0.0265625 0.0859375
5 0.0453125 0.4609375 0.03515625 0.09296875
5 0.36875 0.58828125 0.0296875 0.0984375
3 0.1453125 0.4390625 0.0296875 0.1125