0 0.49609375 0.425 0.00859375 0.01953125
5 0.5125 0.7625 0.04375 0.1390625
5 0.45078125 0.3984375 0.0328125 0.09453125
5 0.62265625 0.38984375 0.03046875 0.09296875
5 0.8078125 0.17578125 0.01796875 0.0875
5 0.4328125 0.18515625 0.0328125 0.0875
5 0.34609375 0.5078125 0.02890625 0.10390625
4 0.88203125 0.3578125 0.02265625 0.1125
4 0.715625 0.37578125 0.046875 0.090625
4 0.675 0.3703125 0.04140625 0.10390625
4 0.60703125 0.33046875 0.02578125 0.0859375
4 0.3890625 0.33828125 0.03671875 0.08203125
4 0.42421875 0.61328125 0.02734375 0.115625
4 0.315625 0.43828125 0.03671875 0.1125
4 0.37265625 0.48515625 0.04296875 0.1125
3 0.8484375 0.46171875 0.0390625 0.12109375
3 0.32734375 0.1234375 0.02265625 0.0640625