4 0.2203125 0.25703125 0.025 0.07265625
4 0.4921875 0.54609375 0.0359375 0.1109375
4 0.74375 0.26171875 0.021875 0.09140625
4 0.884375 0.45234375 0.02890625 0.1046875
4 0.85703125 0.91171875 0.0421875 0.16328125
4 0.6203125 0.26796875 0.0125 0.03515625
5 0.9546875 0.30234375 0.03359375 0.08671875
5 0.85703125 0.4734375 0.03125 0.1109375
5 0.6265625 0.315625 0.03203125 0.05703125
5 0.8625 0.64375 0.040625 0.1296875
5 0.4609375 0.6015625 0.0453125 0.1234375
5 0.36796875 0.51796875 0.02421875 0.10625
5 0.34765625 0.40625 0.0453125 0.103125
5 0.26171875 0.29609375 0.03515625 0.07421875
0 0.54140625 0.31953125 0.01015625 0.028125
3 0.125 0.115625 0.0328125 0.05546875
3 0.8625 0.37421875 0.02421875 0.07578125