2 0.7421875 0.446875 0.0296875 0.096875
3 0.0921875 0.52109375 0.0265625 0.128125
4 0.3203125 0.7265625 0.03515625 0.1484375
4 0.68046875 0.5125 0.03984375 0.10859375
4 0.66796875 0.46171875 0.028125 0.05390625
4 0.8078125 0.52578125 0.03828125 0.103125
4 0.1921875 0.4203125 0.021875 0.0953125
4 0.22109375 0.496875 0.05703125 0.0421875
0 0.3046875 0.32265625 0.00859375 0.0125
5 0.35078125 0.4515625 0.0375 0.10546875
5 0.38984375 0.4546875 0.021875 0.11875
5 0.53671875 0.45 0.0265625 0.10078125
5 0.65 0.51640625 0.0234375 0.11484375
5 0.15703125 0.53515625 0.034375 0.13515625
5 0.01171875 0.828125 0.0234375 0.165625