3 0.3296875 0.15390625 0.02890625 0.06953125
3 0.74375 0.371875 0.02890625 0.08359375
5 0.43984375 0.521875 0.0265625 0.08984375
5 0.421875 0.4640625 0.04296875 0.09375
5 0.43203125 0.39609375 0.0375 0.08203125
5 0.6140625 0.375 0.03359375 0.07421875
5 0.71796875 0.24765625 0.0296875 0.07578125
5 0.71953125 0.559375 0.03046875 0.08828125
4 0.5265625 0.446875 0.0359375 0.08515625
4 0.51015625 0.35546875 0.0296875 0.07578125
4 0.64375 0.3203125 0.02578125 0.06953125
4 0.640625 0.5046875 0.0359375 0.0953125
4 0.7078125 0.63046875 0.034375 0.103125
4 0.9875 0.2125 0.025 0.06328125
0 0.61484375 0.5453125 0.009375 0.0140625