0 0.3671875 0.49296875 0.0171875 0.034375
5 0.48671875 0.4734375 0.0546875 0.23671875
5 0.33359375 0.271875 0.0265625 0.11171875
5 0.53984375 0.23203125 0.0234375 0.10546875
5 0.50234375 0.1796875 0.01015625 0.05703125
5 0.6734375 0.3265625 0.03046875 0.15625
5 0.76484375 0.20390625 0.0265625 0.084375
5 0.7265625 0.1625 0.0125 0.0546875
4 0.94375 0.79765625 0.096875 0.4046875
4 0.4015625 0.2546875 0.03125 0.1109375
4 0.35078125 0.40390625 0.046875 0.15625
4 0.8875 0.2234375 0.0234375 0.09921875
4 0.825 0.36171875 0.04609375 0.18203125
4 0.6875 0.22421875 0.02890625 0.09453125
4 0.596875 0.18984375 0.025 0.075