5 0.8015625 0.86484375 0.03671875 0.11875
5 0.58828125 0.50234375 0.0359375 0.096875
5 0.42109375 0.41328125 0.03984375 0.05546875
5 0.459375 0.11015625 0.01640625 0.05078125
5 0.5796875 0.0765625 0.0109375 0.05703125
5 0.7390625 0.20234375 0.0140625 0.07265625
5 0.7484375 0.09140625 0.0125 0.04609375
4 0.95625 0.1796875 0.01953125 0.078125
4 0.53203125 0.1625 0.01953125 0.05703125
4 0.39921875 0.21796875 0.03203125 0.07109375
4 0.58828125 0.31640625 0.034375 0.075
4 0.6203125 0.40859375 0.02890625 0.08046875
4 0.6359375 0.534375 0.04765625 0.09609375
4 0.61015625 0.475 0.0265625 0.0859375
3 0.6109375 0.384375 0.0171875 0.06796875
4 0.4796875 0.53046875 0.0328125 0.090625
4 0.43125 0.47578125 0.0390625 0.08046875
4 0.3953125 0.34921875 0.0171875 0.08046875
0 0.56171875 0.52265625 0.00859375 0.01328125