0 0.31328125 0.365625 0.00859375 0.0171875
3 0.57734375 0.39921875 0.028125 0.09140625
3 0.446875 0.0484375 0.01484375 0.05703125
5 0.66953125 0.45 0.0359375 0.109375
5 0.4125 0.5078125 0.03046875 0.1140625
5 0.346875 0.66171875 0.05234375 0.1109375
5 0.11484375 0.5578125 0.03125 0.115625
5 0.20703125 0.39296875 0.03984375 0.08515625
5 0.821875 0.7234375 0.05546875 0.1234375
5 0.83515625 0.26171875 0.03046875 0.09375
5 0.453125 0.1703125 0.021875 0.07890625
4 0.178125 0.43046875 0.03515625 0.08984375
4 0.16328125 0.5796875 0.03984375 0.109375
4 0.7609375 0.55 0.03671875 0.10625
4 0.90703125 0.4234375 0.0359375 0.09375
4 0.90625 0.28828125 0.03828125 0.08984375
4 0.7609375 0.153125 0.01640625 0.07109375
4 0.8875 0.9359375 0.06171875 0.128125