4 0.57890625 0.65703125 0.040625 0.1546875
4 0.175 0.5359375 0.03125 0.128125
4 0.26953125 0.4859375 0.02421875 0.11953125
4 0.4078125 0.434375 0.02265625 0.08671875
4 0.48359375 0.4171875 0.02578125 0.075
4 0.58046875 0.43125 0.028125 0.0796875
4 0.6078125 0.51640625 0.03671875 0.1140625
4 0.75703125 0.45234375 0.0390625 0.10234375
4 0.96640625 0.40703125 0.02734375 0.10234375
0 0.6046875 0.459375 0.0078125 0.0140625
3 0.73515625 0.54609375 0.02578125 0.12734375
3 0.75078125 0.334375 0.025 0.06953125
5 0.9015625 0.4609375 0.03671875 0.11640625
5 0.98203125 0.70390625 0.0359375 0.184375
5 0.64765625 0.5328125 0.03203125 0.134375
5 0.61875 0.41953125 0.02578125 0.0953125
5 0.50234375 0.40234375 0.025 0.09609375
5 0.32734375 0.465625 0.02578125 0.0953125
5 0.24609375 0.5203125 0.03203125 0.12265625