5 0.1625 0.2859375 0.01796875 0.0828125
5 0.275 0.3828125 0.03046875 0.08984375
5 0.3140625 0.48828125 0.0421875 0.08671875
5 0.4078125 0.571875 0.03828125 0.10546875
5 0.71796875 0.55625 0.02421875 0.096875
5 0.7640625 0.41953125 0.0328125 0.08203125
5 0.5125 0.38359375 0.0296875 0.0734375
5 0.7765625 0.28984375 0.0203125 0.06796875
4 0.18125 0.228125 0.03046875 0.07109375
4 0.421875 0.51015625 0.034375 0.0859375
4 0.51171875 0.321875 0.03046875 0.06484375
4 0.64609375 0.2265625 0.01875 0.07265625
4 0.965625 0.29296875 0.02109375 0.096875
4 0.84375 0.73203125 0.034375 0.12109375
4 0.97890625 0.60859375 0.034375 0.1328125
4 0.73984375 0.415625 0.01875 0.09375
3 0.7109375 0.31796875 0.021875 0.0671875
0 0.5375 0.36640625 0.00859375 0.01171875