3 0.775 0.4328125 0.0203125 0.084375
3 0.43828125 0.0375 0.0171875 0.05859375
4 0.6140625 0.103125 0.01796875 0.06640625
4 0.771875 0.06015625 0.02109375 0.07109375
4 0.934375 0.209375 0.01640625 0.07890625
4 0.9734375 0.07890625 0.01328125 0.05859375
4 0.81875 0.915625 0.04140625 0.14296875
4 0.64375 0.490625 0.034375 0.0984375
4 0.465625 0.4265625 0.0375 0.071875
5 0.565625 0.50546875 0.04375 0.09453125
5 0.7 0.53671875 0.04921875 0.10703125
5 0.725 0.415625 0.02109375 0.1015625
5 0.69453125 0.3265625 0.04140625 0.0890625
5 0.671875 0.159375 0.03125 0.06640625
5 0.51875 0.22421875 0.02421875 0.0734375
5 0.54140625 0.471875 0.03671875 0.1
5 0.47578125 0.3859375 0.03203125 0.09140625
5 0.665625 0.46484375 0.0390625 0.0875
0 0.446875 0.44296875 0.00859375 0.021875
2 0.08046875 0.38046875 0.02890625 0.08046875