4 0.32421875 0.48828125 0.04140625 0.11796875
4 0.60390625 0.6578125 0.03359375 0.16796875
4 0.45 0.44375 0.0359375 0.09296875
4 0.5484375 0.4265625 0.03671875 0.09453125
4 0.61796875 0.496875 0.0328125 0.121875
4 0.6484375 0.42578125 0.02265625 0.09296875
4 0.75 0.4484375 0.03359375 0.10859375
4 0.9390625 0.415625 0.021875 0.10703125
5 0.9828125 0.70546875 0.034375 0.1765625
5 0.95625 0.478125 0.0296875 0.13046875
5 0.69296875 0.42734375 0.0203125 0.1015625
5 0.62578125 0.39453125 0.02265625 0.09140625
5 0.6765625 0.54453125 0.0359375 0.14453125
5 0.35390625 0.46015625 0.02890625 0.10703125
5 0.24453125 0.51796875 0.021875 0.103125
4 0.2234375 0.5171875 0.021875 0.12109375
2 0.01875 0.4390625 0.0375 0.09453125
3 0.7765625 0.53515625 0.03828125 0.12890625
3 0.81875 0.34296875 0.02265625 0.075
0 0.4296875 0.475 0.00859375 0.01953125