4 0.62734375 0.65625 0.0265625 0.121875
4 0.396875 0.49140625 0.021875 0.10078125
4 0.25546875 0.39140625 0.028125 0.0859375
4 0.57890625 0.4140625 0.02265625 0.1015625
4 0.5703125 0.3484375 0.02265625 0.07734375
4 0.609375 0.30625 0.01796875 0.07890625
4 0.628125 0.246875 0.01875 0.0609375
4 0.4171875 0.325 0.01484375 0.084375
4 0.4078125 0.2609375 0.01484375 0.0671875
5 0.4375 0.2375 0.01484375 0.07890625
5 0.6015625 0.36015625 0.02265625 0.09296875
5 0.71640625 0.32109375 0.021875 0.090625
5 0.6578125 0.24375 0.0203125 0.06875
5 0.159375 0.2640625 0.01953125 0.08359375
5 0.1390625 0.3984375 0.025 0.08515625
5 0.37265625 0.590625 0.028125 0.10859375
5 0.49375 0.82109375 0.03125 0.13671875
2 0.94453125 0.353125 0.0171875 0.09609375
3 0.7046875 0.96015625 0.02890625 0.06328125
3 0.3859375 0.29609375 0.01328125 0.0734375
0 0.3328125 0.271875 0.00703125 0.01484375