5 0.29140625 0.18984375 0.0140625 0.0625
3 0.603125 0.203125 0.01796875 0.0765625
5 0.48828125 0.22109375 0.0140625 0.0703125
5 0.44453125 0.1578125 0.00859375 0.040625
4 0.409375 0.21640625 0.0171875 0.0765625
5 0.86171875 0.31328125 0.0453125 0.11875
5 0.28203125 0.22578125 0.0171875 0.075
4 0.89921875 0.64375 0.121875 0.3046875
4 0.7921875 0.30859375 0.03203125 0.1234375
4 0.6796875 0.19453125 0.01796875 0.07578125
3 0.64296875 0.15546875 0.009375 0.0421875
3 0.56015625 0.13046875 0.009375 0.03046875
5 0.284375 0.44140625 0.04921875 0.1921875
0 0.28125 0.50859375 0.01875 0.03046875
4 0.234375 0.490625 0.05546875 0.209375
4 0.09609375 0.309375 0.0375 0.11171875
5 0.01328125 0.33125 0.0265625 0.1125
2 0.21328125 0.1546875 0.01328125 0.040625