5 0.0421875 0.73828125 0.02734375 0.09375
5 0.1578125 0.5203125 0.015625 0.06328125
5 0.18515625 0.375 0.015625 0.0578125
5 0.54140625 0.3421875 0.009375 0.05078125
5 0.6625 0.446875 0.021875 0.06484375
5 0.6515625 0.54453125 0.01875 0.07421875
5 0.7015625 0.703125 0.01953125 0.09375
5 0.50546875 0.7328125 0.021875 0.0953125
5 0.3046875 0.67265625 0.02265625 0.09375
5 0.4296875 0.53125 0.0265625 0.04140625
2 0.92421875 0.48359375 0.0171875 0.07421875
3 0.36796875 0.48671875 0.01796875 0.06796875
3 0.2 0.22578125 0.0109375 0.04609375
0 0.41171875 0.50625 0.00703125 0.01015625
4 0.12421875 0.3765625 0.01875 0.053125
4 0.346875 0.534375 0.02421875 0.0640625
4 0.40546875 0.5015625 0.01328125 0.0671875
4 0.38984375 0.31015625 0.0140625 0.046875
4 0.54140625 0.42890625 0.0140625 0.06015625
4 0.46640625 0.52890625 0.01640625 0.06484375
4 0.63828125 0.61640625 0.025 0.08203125
4 0.44453125 0.78828125 0.021875 0.09296875