5 0.46328125 0.52890625 0.028125 0.125
5 0.37265625 0.6640625 0.04140625 0.125
5 0.19765625 0.56171875 0.02734375 0.1234375
5 0.29765625 0.4140625 0.0234375 0.09375
5 0.5671875 0.14375 0.0296875 0.08359375
5 0.77890625 0.471875 0.02890625 0.1046875
5 0.890625 0.796875 0.0515625 0.13125
3 0.6734375 0.3875 0.0296875 0.1140625
4 0.95234375 0.1328125 0.02734375 0.0953125
4 0.83359375 0.60390625 0.0546875 0.11875
4 0.90703125 0.953125 0.03984375 0.09375
4 0.225 0.56171875 0.0328125 0.1421875
4 0.2296875 0.47109375 0.04140625 0.096875
0 0.1875 0.46796875 0.00859375 0.015625
3 0.5828125 0.01015625 0.021875 0.0203125