4 0.0875 0.31875 0.03828125 0.1109375
5 0.94921875 0.465625 0.04375 0.24140625
4 0.6546875 0.1734375 0.0171875 0.07578125
4 0.4578125 0.16953125 0.01484375 0.07265625
4 0.31875 0.196875 0.0171875 0.08125
4 0.83125 0.25078125 0.02265625 0.11328125
5 0.56015625 0.17578125 0.015625 0.07578125
5 0.74609375 0.1625 0.01640625 0.0734375
5 0.46640625 0.34296875 0.02734375 0.13984375
4 0.50078125 0.346875 0.0546875 0.15859375
0 0.43125 0.396875 0.015625 0.02890625
2 0.25546875 0.15859375 0.01171875 0.040625
4 0.396875 0.8375 0.1 0.32421875