5 0.4453125 0.20078125 0.02890625 0.084375
5 0.6 0.42734375 0.02734375 0.1015625
5 0.84765625 0.1875 0.021875 0.08359375
5 0.496875 0.7328125 0.03984375 0.13203125
5 0.40390625 0.52890625 0.03515625 0.121875
5 0.4890625 0.39140625 0.03359375 0.1
4 0.35625 0.43671875 0.0421875 0.090625
4 0.38203125 0.48046875 0.04609375 0.10859375
4 0.41015625 0.59296875 0.040625 0.10859375
4 0.4265625 0.3953125 0.05390625 0.09609375
4 0.91953125 0.36171875 0.0234375 0.10390625
4 0.73125 0.39140625 0.028125 0.0890625
4 0.67109375 0.3734375 0.03671875 0.10546875
4 0.59375 0.35 0.040625 0.103125
0 0.496875 0.43515625 0.00859375 0.0140625
2 0.0265625 0.46171875 0.0359375 0.1046875
3 0.834375 0.45625 0.04609375 0.10546875
3 0.3640625 0.1265625 0.01640625 0.06640625