5 0.55234375 0.2546875 0.021875 0.07734375
5 0.80390625 0.3546875 0.03046875 0.12734375
5 0.35625 0.19296875 0.01171875 0.05546875
5 0.6546875 0.2875 0.0203125 0.09921875
5 0.1859375 0.2625 0.0234375 0.09140625
4 0.97265625 0.346875 0.028125 0.11875
5 0.14453125 0.33984375 0.03046875 0.1296875
5 0.86796875 0.22265625 0.01171875 0.07109375
5 0.85546875 0.25625 0.01640625 0.0765625
4 0.55859375 0.3671875 0.02578125 0.1171875
4 0.90703125 0.234375 0.01640625 0.07734375
5 0.2640625 0.23125 0.0203125 0.07734375
4 0.24609375 0.2890625 0.02421875 0.10625
5 0.65234375 0.215625 0.0125 0.04921875
4 0.940625 0.26328125 0.0203125 0.090625
4 0.303125 0.24921875 0.01796875 0.084375
3 0.51640625 0.215625 0.01484375 0.0703125
4 0.52109375 0.27421875 0.034375 0.04453125
4 0.74609375 0.25390625 0.015625 0.075
4 0.7984375 0.20703125 0.0125 0.0578125
5 0.7765625 0.20390625 0.0140625 0.05859375
3 0.32578125 0.153125 0.01171875 0.04453125