3 0.078125 0.13828125 0.02578125 0.07265625
3 0.803125 0.365625 0.03828125 0.07421875
0 0.5578125 0.3625 0.01171875 0.01875
4 0.5015625 0.53671875 0.0390625 0.1015625
4 0.8875 0.8421875 0.04375 0.153125
4 0.7046875 0.265625 0.0265625 0.08046875
4 0.5859375 0.3296875 0.0328125 0.06953125
4 0.8109375 0.4203125 0.015625 0.0265625
5 0.22734375 0.2546875 0.02265625 0.06484375
5 0.22109375 0.31953125 0.0296875 0.08671875
5 0.33828125 0.4140625 0.03515625 0.08828125
5 0.36484375 0.5296875 0.0328125 0.1078125
5 0.4578125 0.60078125 0.04140625 0.1
5 0.8015625 0.6125 0.03359375 0.1015625
5 0.590625 0.3796875 0.03515625 0.07734375
5 0.8625 0.31640625 0.03046875 0.07109375
5 0.815625 0.471875 0.03671875 0.08671875