5 0.0734375 0.43203125 0.01953125 0.09296875
5 0.190625 0.57890625 0.02265625 0.11171875
5 0.275 0.6015625 0.01640625 0.10859375
5 0.54921875 0.82734375 0.040625 0.146875
5 0.66328125 0.56015625 0.03515625 0.11796875
5 0.4109375 0.4 0.025 0.0921875
5 0.50859375 0.49375 0.021875 0.1078125
3 0.2640625 0.50078125 0.0234375 0.10390625
0 0.2921875 0.64453125 0.0109375 0.015625
4 0.11953125 0.490625 0.0421875 0.11171875
4 0.11015625 0.61640625 0.0484375 0.1328125
4 0.078125 0.753125 0.04921875 0.1546875
4 0.3328125 0.43671875 0.02578125 0.1
4 0.259375 0.359375 0.0203125 0.0953125
4 0.4765625 0.45625 0.0265625 0.12265625
4 0.409375 0.61796875 0.04375 0.1
4 0.71015625 0.73359375 0.0390625 0.1390625
4 0.59453125 0.58203125 0.046875 0.128125
4 0.5296875 0.51796875 0.034375 0.12109375