4 0.98671875 0.35859375 0.02578125 0.13359375
4 0.49609375 0.178125 0.01171875 0.05234375
4 0.2828125 0.221875 0.028125 0.0828125
5 0.9578125 0.1875 0.02265625 0.06484375
4 0.90859375 0.19765625 0.01875 0.07421875
3 0.86328125 0.23125 0.02890625 0.08359375
4 0.878125 0.2171875 0.02109375 0.0671875
5 0.78125 0.20625 0.01875 0.07109375
5 0.92109375 0.18359375 0.0125 0.05390625
4 0.86171875 0.1796875 0.01484375 0.02421875
5 0.725 0.18515625 0.0140625 0.0578125
5 0.52578125 0.184375 0.0109375 0.0578125
4 0.51328125 0.17265625 0.009375 0.0390625
0 0.509375 0.196875 0.0046875 0.00703125
5 0.340625 0.221875 0.01953125 0.08984375
4 0.37578125 0.17578125 0.01484375 0.053125
4 0.3625 0.1921875 0.01484375 0.05390625
5 0.35625 0.159375 0.009375 0.01640625