4 0.60234375 0.75390625 0.03359375 0.1390625
4 0.5703125 0.45546875 0.0421875 0.1109375
4 0.69296875 0.24296875 0.02734375 0.096875
4 0.8921875 0.1859375 0.034375 0.1
4 0.646875 0.153125 0.03125 0.08359375
4 0.55546875 0.10703125 0.0265625 0.06640625
5 0.8640625 0.484375 0.04375 0.109375
5 0.5421875 0.50859375 0.028125 0.1140625
5 0.5453125 0.39921875 0.02578125 0.109375
5 0.5484375 0.26171875 0.03125 0.090625
5 0.59609375 0.20546875 0.028125 0.08046875
5 0.59609375 0.16484375 0.02734375 0.06796875
5 0.67109375 0.15703125 0.02421875 0.0890625
5 0.8015625 0.27734375 0.03828125 0.0984375
3 0.55 0.084375 0.0171875 0.07109375
2 0.18046875 0.43046875 0.04921875 0.1140625
0 0.628125 0.17734375 0.00625 0.01484375