5 0.0453125 0.8296875 0.04140625 0.1859375
3 0.0984375 0.528125 0.03828125 0.134375
5 0.6671875 0.52734375 0.0265625 0.12421875
5 0.5484375 0.4421875 0.02421875 0.1140625
5 0.178125 0.53515625 0.02265625 0.14453125
5 0.3921875 0.4640625 0.02421875 0.10546875
4 0.36328125 0.72890625 0.03984375 0.15078125
4 0.21796875 0.421875 0.05078125 0.10546875
4 0.81484375 0.525 0.0453125 0.11484375
0 0.2515625 0.4265625 0.009375 0.0171875
5 0.328125 0.453125 0.03203125 0.1046875
4 0.2171875 0.5 0.0546875 0.059375
4 0.6625 0.44921875 0.025 0.04296875
4 0.6421875 0.50625 0.03125 0.11796875
4 0.77421875 0.44765625 0.03203125 0.1046875