5 0.54921875 0.2625 0.03203125 0.0875
2 0.17890625 0.42734375 0.04453125 0.1203125
5 0.8640625 0.48515625 0.04375 0.115625
5 0.79921875 0.278125 0.03671875 0.096875
5 0.59921875 0.2109375 0.025 0.07265625
5 0.54609375 0.4 0.03125 0.109375
4 0.69609375 0.2421875 0.0265625 0.09453125
4 0.8921875 0.184375 0.0296875 0.10546875
4 0.60390625 0.75 0.034375 0.1234375
5 0.54453125 0.51015625 0.03359375 0.11875
4 0.57265625 0.45703125 0.03515625 0.10234375
4 0.55390625 0.10859375 0.021875 0.06171875
5 0.66875 0.1578125 0.02734375 0.08515625
5 0.59453125 0.1578125 0.01875 0.05625
4 0.6453125 0.15234375 0.02734375 0.075
0 0.628125 0.17734375 0.00703125 0.0140625
3 0.546875 0.08671875 0.01640625 0.065625