5 0.5078125 0.78046875 0.040625 0.146875
5 0.44921875 0.40703125 0.02734375 0.09375
5 0.33125 0.48046875 0.03828125 0.12421875
5 0.6140625 0.3625 0.01875 0.08203125
5 0.740625 0.16015625 0.0203125 0.08203125
5 0.37890625 0.1703125 0.028125 0.08203125
3 0.27890625 0.12109375 0.0234375 0.05625
3 0.82578125 0.4546875 0.0296875 0.11796875
4 0.3546875 0.30859375 0.03046875 0.09296875
4 0.2921875 0.44375 0.05 0.09765625
4 0.35859375 0.50078125 0.0234375 0.12578125
4 0.4515625 0.640625 0.04140625 0.11796875
4 0.590625 0.325 0.02890625 0.10390625
4 0.63828125 0.37109375 0.034375 0.10390625
4 0.8296875 0.34921875 0.0328125 0.09609375
0 0.52890625 0.40234375 0.00703125 0.0125