2 0.11640625 0.3921875 0.03828125 0.0953125
0 0.3796875 0.3359375 0.00859375 0.01640625
4 0.5125 0.51171875 0.03203125 0.08828125
4 0.39296875 0.3046875 0.01796875 0.0765625
4 0.79921875 0.80078125 0.04921875 0.1453125
4 0.9515625 0.2703125 0.02578125 0.08515625
4 0.896875 0.2453125 0.02109375 0.07109375
3 0.42578125 0.1375 0.03125 0.08359375
3 0.94609375 0.425 0.0203125 0.0984375
5 0.9875 0.58984375 0.025 0.1203125
5 0.5984375 0.54765625 0.03203125 0.1140625
5 0.78203125 0.29140625 0.0359375 0.07734375
5 0.46796875 0.3421875 0.02421875 0.08828125
5 0.42109375 0.353125 0.0359375 0.08046875
5 0.50703125 0.4671875 0.04375 0.084375