0 0.8640625 0.62890625 0.00859375 0.0140625
5 0.84375 0.71171875 0.025 0.1203125
5 0.68671875 0.7625 0.0265625 0.1203125
5 0.46171875 0.67265625 0.02265625 0.09140625
5 0.5171875 0.65625 0.021875 0.0984375
5 0.5046875 0.65859375 0.01171875 0.10625
5 0.48046875 0.65625 0.01484375 0.1078125
5 0.43203125 0.68125 0.02109375 0.1046875
5 0.265625 0.75546875 0.02421875 0.1109375
2 0.2171875 0.66796875 0.0296875 0.0984375
4 0.3171875 0.72109375 0.0234375 0.115625
4 0.353125 0.7046875 0.01640625 0.10625
4 0.41796875 0.6859375 0.01640625 0.103125
4 0.4765625 0.6703125 0.01015625 0.0625
4 0.4875 0.665625 0.01015625 0.10625
4 0.6046875 0.6921875 0.02265625 0.09296875
4 0.63671875 0.61640625 0.015625 0.1015625
4 0.621875 0.61328125 0.0125 0.09140625
3 0.71640625 0.6984375 0.02421875 0.0984375
3 0.7984375 0.54296875 0.0296875 0.07421875
5 0.8359375 0.5796875 0.02109375 0.08828125