0 0.55546875 0.3703125 0.00703125 0.01171875
5 0.67890625 0.53046875 0.025 0.09765625
4 0.8171875 0.6796875 0.02734375 0.1140625
4 0.940625 0.58125 0.0375 0.09921875
5 0.97265625 0.48984375 0.0328125 0.08828125
5 0.7421875 0.40234375 0.0328125 0.08125
5 0.74140625 0.27421875 0.02421875 0.06953125
5 0.38515625 0.55234375 0.02890625 0.09609375
5 0.28125 0.465625 0.02421875 0.103125
5 0.23671875 0.36796875 0.02734375 0.0921875
5 0.13359375 0.27421875 0.01953125 0.0796875
4 0.15390625 0.21796875 0.02890625 0.0734375
4 0.47109375 0.30625 0.01953125 0.06015625
4 0.3640625 0.4890625 0.025 0.05625
4 0.6234375 0.21171875 0.01953125 0.05859375
4 0.89921875 0.2703125 0.02109375 0.07578125
4 0.71328125 0.39609375 0.021875 0.0890625
3 0.6609375 0.2984375 0.01875 0.07578125
4 0.4703125 0.38359375 0.01875 0.071875