4 0.19140625 0.52265625 0.02578125 0.1234375
4 0.3046875 0.4859375 0.0328125 0.1140625
4 0.57421875 0.65703125 0.03203125 0.1609375
4 0.7328125 0.4453125 0.0234375 0.109375
4 0.5984375 0.503125 0.034375 0.12109375
4 0.434375 0.44921875 0.04296875 0.0984375
4 0.51328125 0.421875 0.0296875 0.0890625
4 0.6140625 0.42109375 0.0265625 0.0890625
4 0.92421875 0.409375 0.025 0.10859375
5 0.23125 0.515625 0.0359375 0.115625
5 0.34140625 0.46796875 0.02734375 0.1
5 0.65 0.540625 0.0421875 0.14296875
5 0.64296875 0.421875 0.0265625 0.0984375
5 0.57578125 0.39765625 0.0265625 0.090625
5 0.91875 0.47421875 0.03828125 0.1234375
5 0.959375 0.703125 0.03828125 0.184375
3 0.746875 0.53359375 0.02890625 0.1359375
3 0.7859375 0.340625 0.0296875 0.07109375
0 0.47578125 0.46796875 0.01015625 0.01640625