4 0.43125 0.6390625 0.053125 0.1078125
4 0.50859375 0.35 0.0203125 0.08046875
4 0.57578125 0.42734375 0.02265625 0.08984375
4 0.73984375 0.39765625 0.0296875 0.09375
4 0.58984375 0.5203125 0.03046875 0.0953125
5 0.52578125 0.60234375 0.025 0.1125
5 0.49296875 0.50625 0.02265625 0.08984375
5 0.4765625 0.4890625 0.02109375 0.08671875
5 0.45234375 0.4328125 0.03359375 0.09140625
5 0.8734375 0.3140625 0.02578125 0.08203125
5 0.58984375 0.48359375 0.021875 0.06640625
2 0.13984375 0.47578125 0.02578125 0.08828125
3 0.87890625 0.5359375 0.0265625 0.1
3 0.46953125 0.16484375 0.0125 0.06796875