4 0.89296875 0.48984375 0.05625 0.12578125
4 0.8546875 0.4109375 0.04140625 0.13046875
5 0.59375 0.66875 0.059375 0.1265625
5 0.66015625 0.43046875 0.03515625 0.11796875
4 0.63203125 0.35234375 0.03515625 0.103125
4 0.74453125 0.4109375 0.0390625 0.12890625
3 0.69296875 0.0796875 0.0265625 0.07421875
5 0.66953125 0.278125 0.03125 0.11171875
5 0.52109375 0.575 0.0421875 0.13203125
2 0.36875 0.46796875 0.04921875 0.08984375
5 0.725 0.5265625 0.03828125 0.11484375
4 0.63359375 0.5984375 0.03828125 0.1203125
4 0.61953125 0.43203125 0.0296875 0.103125
0 0.5140625 0.50625 0.0078125 0.01875
4 0.61953125 0.525 0.03359375 0.14453125