5 0.16640625 0.4 0.0203125 0.07890625
5 0.18359375 0.2640625 0.01328125 0.07890625
5 0.39296875 0.590625 0.02890625 0.109375
5 0.5125 0.8234375 0.02890625 0.134375
5 0.46171875 0.2375 0.02421875 0.0703125
5 0.64609375 0.34765625 0.01875 0.08984375
5 0.7390625 0.3171875 0.02265625 0.08046875
5 0.64375 0.21484375 0.02265625 0.04765625
4 0.2890625 0.396875 0.02578125 0.084375
4 0.42578125 0.49921875 0.025 0.09765625
4 0.653125 0.66484375 0.02265625 0.11484375
4 0.44296875 0.3328125 0.015625 0.078125
4 0.434375 0.26171875 0.01484375 0.06328125
4 0.603125 0.33203125 0.01796875 0.0796875
4 0.60234375 0.42421875 0.01875 0.0921875
4 0.65625 0.29765625 0.0328125 0.08203125
4 0.64375 0.24921875 0.03046875 0.05703125
3 0.75390625 0.93359375 0.040625 0.05703125
3 0.403125 0.2984375 0.01328125 0.07578125
2 0.97578125 0.35390625 0.015625 0.0828125
0 0.18046875 0.40859375 0.0078125 0.01953125