5 0.7796875 0.0953125 0.01328125 0.04296875
4 0.66953125 0.49609375 0.0265625 0.078125
5 0.81328125 0.3296875 0.021875 0.0671875
4 0.4453125 0.353125 0.015625 0.06171875
4 0.6953125 0.09765625 0.01171875 0.040625
4 0.31484375 0.25625 0.0171875 0.05234375
5 0.3609375 0.22265625 0.015625 0.05
5 0.4390625 0.2546875 0.01796875 0.06171875
4 0.32109375 0.41328125 0.0203125 0.06171875
5 0.6921875 0.46171875 0.0203125 0.06875
4 0.33515625 0.22265625 0.015625 0.0484375
4 0.5359375 0.25234375 0.01640625 0.05703125
5 0.4625 0.5859375 0.02734375 0.0796875
5 0.96875 0.2140625 0.01875 0.059375
3 0.62421875 0.39296875 0.0203125 0.06328125
5 0.78671875 0.2328125 0.01484375 0.0625
5 0.6265625 0.2109375 0.0125 0.059375
4 0.49765625 0.45390625 0.0203125 0.07421875
5 0.35625 0.52109375 0.01875 0.07421875
0 0.35390625 0.6 0.00703125 0.01484375
4 0.40625 0.58515625 0.01953125 0.06953125
2 0.0515625 0.31171875 0.02578125 0.0640625
3 0.33984375 0.021875 0.0109375 0.0359375