4 0.04765625 0.60078125 0.03515625 0.11171875
5 0.35390625 0.715625 0.02890625 0.1265625
4 0.43046875 0.3796875 0.02421875 0.08359375
5 0.55390625 0.72265625 0.03125 0.11796875
5 0.30625 0.39765625 0.02421875 0.1046875
5 0.5046875 0.39609375 0.02890625 0.07734375
4 0.03828125 0.3390625 0.02890625 0.08828125
5 0.60625 0.42734375 0.02734375 0.09609375
5 0.55078125 0.5109375 0.02421875 0.10234375
4 0.425 0.503125 0.03203125 0.1
3 0.25390625 0.5375 0.03125 0.11171875
4 0.5828125 0.45390625 0.028125 0.0953125
5 0.4296875 0.45859375 0.03125 0.0953125
2 0.98984375 0.68125 0.0203125 0.12734375
5 0.56875 0.5859375 0.025 0.06953125
4 0.57734375 0.70859375 0.03359375 0.1140625
5 0.56875 0.615625 0.028125 0.0734375
0 0.43984375 0.41796875 0.00625 0.01171875