5 0.30546875 0.40859375 0.02265625 0.08359375
4 0.28125 0.3515625 0.03203125 0.08046875
4 0.546875 0.5046875 0.028125 0.09296875
5 0.08828125 0.46484375 0.02734375 0.109375
4 0.37890625 0.4890625 0.021875 0.0890625
4 0.490625 0.4078125 0.0296875 0.08671875
5 0.7359375 0.434375 0.02421875 0.08359375
4 0.68203125 0.446875 0.0234375 0.08046875
4 0.23203125 0.43203125 0.025 0.09296875
4 0.04140625 0.421875 0.01484375 0.09453125
4 0.2359375 0.3265625 0.0203125 0.06953125
4 0.38828125 0.39453125 0.02109375 0.075
5 0.16953125 0.3109375 0.01171875 0.0546875
2 0.39140625 0.325 0.01953125 0.075
5 0.8421875 0.52109375 0.0421875 0.096875
4 0.17578125 0.33359375 0.0234375 0.078125
0 0.8125 0.55703125 0.00625 0.0125
5 0.2140625 0.3703125 0.0296875 0.0640625
5 0.22109375 0.3203125 0.0140625 0.0421875
3 0.03359375 0.43984375 0.0234375 0.0984375