0 0.63828125 0.390625 0.00390625 0.0109375
4 0.64609375 0.35625 0.01953125 0.1046875
4 0.71015625 0.446875 0.0375 0.12734375
4 0.690625 0.3671875 0.01796875 0.11171875
4 0.62421875 0.71875 0.0421875 0.16953125
4 0.3953125 0.325 0.02578125 0.07578125
4 0.5015625 0.36015625 0.03203125 0.1296875
4 0.4875 0.31015625 0.0171875 0.09609375
4 0.2703125 0.4828125 0.025 0.12890625
4 0.24375 0.5046875 0.0328125 0.109375
4 0.16015625 0.38359375 0.01953125 0.10859375
5 0.94765625 0.71640625 0.03984375 0.15
5 0.490625 0.41484375 0.0296875 0.1046875
5 0.47421875 0.32734375 0.0140625 0.05703125
5 0.33984375 0.44296875 0.03125 0.10703125
5 0.38203125 0.425 0.02578125 0.103125
5 0.37890625 0.36171875 0.021875 0.0625
5 0.29765625 0.2515625 0.028125 0.0984375
5 0.09765625 0.32109375 0.02734375 0.09296875
3 0.1515625 0.40625 0.025 0.1109375
2 0.5484375 0.32890625 0.021875 0.10390625