2 0.41171875 0.4921875 0.05390625 0.10390625
5 0.50625 0.559375 0.06328125 0.13359375
0 0.521875 0.60390625 0.0125 0.028125
5 0.59921875 0.65859375 0.0703125 0.153125
5 0.78359375 0.515625 0.02734375 0.14296875
5 0.75546875 0.26875 0.03828125 0.134375
5 0.67109375 0.415625 0.05078125 0.153125
4 0.9421875 0.484375 0.059375 0.153125
4 0.90625 0.38828125 0.04296875 0.15703125
4 0.81875 0.38984375 0.0328125 0.1515625
4 0.6421875 0.33125 0.05234375 0.1234375
4 0.64765625 0.59765625 0.04375 0.134375
4 0.6578125 0.51171875 0.04921875 0.1515625
4 0.63515625 0.440625 0.0375 0.14296875
3 0.7375 0.0375 0.0265625 0.06953125