4 0.3953125 0.57109375 0.025 0.08046875
4 0.32109375 0.38828125 0.02109375 0.0734375
4 0.5265625 0.42421875 0.02265625 0.07109375
4 0.3125 0.24296875 0.0265625 0.06640625
4 0.33671875 0.203125 0.02421875 0.05703125
4 0.45859375 0.33828125 0.0234375 0.07109375
4 0.54765625 0.2265625 0.01796875 0.05859375
4 0.69921875 0.4890625 0.0328125 0.0890625
4 0.77578125 0.2109375 0.01796875 0.06640625
4 0.68125 0.075 0.0109375 0.05546875
5 0.39453125 0.459375 0.02421875 0.0734375
5 0.44296875 0.621875 0.0421875 0.0859375
5 0.421875 0.221875 0.015625 0.0640625
5 0.38359375 0.18984375 0.0265625 0.05390625
5 0.71875 0.45703125 0.028125 0.08046875
5 0.846875 0.3125 0.02265625 0.06953125
5 0.965625 0.1875 0.0171875 0.06953125
5 0.76640625 0.06640625 0.01484375 0.05546875
5 0.63125 0.1828125 0.01796875 0.0625
3 0.621875 0.3609375 0.01953125 0.071875
3 0.31796875 0.01328125 0.015625 0.0265625
0 0.44765625 0.63984375 0.00390625 0.00859375