4 0.23515625 0.253125 0.02890625 0.06171875
4 0.51171875 0.54140625 0.0421875 0.0984375
4 0.890625 0.8734375 0.03671875 0.1515625
4 0.721875 0.26484375 0.02421875 0.08203125
4 0.60078125 0.29921875 0.0140625 0.05546875
4 0.83828125 0.44375 0.0125 0.06953125
5 0.2453125 0.3171875 0.02109375 0.08828125
5 0.35859375 0.415625 0.0265625 0.08515625
5 0.37109375 0.5265625 0.0328125 0.1078125
5 0.4671875 0.59609375 0.04296875 0.103125
5 0.83125 0.625 0.04296875 0.1140625
5 0.82890625 0.46953125 0.01796875 0.09140625
5 0.89765625 0.31328125 0.02578125 0.08671875
5 0.60546875 0.35078125 0.025 0.06640625
3 0.10546875 0.128125 0.03359375 0.06171875
3 0.83359375 0.3671875 0.028125 0.08046875
0 0.57734375 0.34765625 0.00703125 0.0203125