5 0.4234375 0.23359375 0.0171875 0.06328125
4 0.44296875 0.346875 0.01875 0.06796875
5 0.62265625 0.19296875 0.01484375 0.053125
5 0.82421875 0.32109375 0.0234375 0.06328125
4 0.68203125 0.084375 0.0125 0.04375
5 0.69921875 0.4578125 0.0234375 0.06953125
4 0.6796875 0.48984375 0.02734375 0.07734375
5 0.36171875 0.2015625 0.01640625 0.04921875
5 0.36796875 0.484375 0.02421875 0.065625
5 0.76796875 0.07890625 0.01328125 0.04375
4 0.30390625 0.2484375 0.015625 0.06171875
4 0.53515625 0.2375 0.015625 0.05703125
4 0.50625 0.4375 0.02109375 0.075
5 0.959375 0.2 0.01953125 0.05859375
3 0.61796875 0.3734375 0.01640625 0.06875
4 0.32421875 0.21484375 0.0140625 0.05078125
4 0.77421875 0.2203125 0.01171875 0.06484375
4 0.31484375 0.40625 0.03125 0.06640625
2 0.01015625 0.30390625 0.01953125 0.0734375
4 0.4046875 0.58515625 0.0296875 0.07421875
0 0.3921875 0.625 0.0078125 0.0109375
5 0.453125 0.60703125 0.0265625 0.084375
3 0.3171875 0.01484375 0.009375 0.0296875