0 0.44921875 0.2578125 0.00546875 0.0140625
3 0.10703125 0.34609375 0.02265625 0.0796875
4 0.046875 0.6625 0.0296875 0.121875
4 0.12578125 0.2796875 0.02578125 0.0828125
4 0.3671875 0.41640625 0.02421875 0.1
4 0.459375 0.3921875 0.02421875 0.09375
4 0.4890625 0.321875 0.0296875 0.0875
4 0.196875 0.903125 0.04140625 0.14765625
2 0.659375 0.37265625 0.021875 0.078125
5 0.0625 0.55078125 0.02890625 0.109375
5 0.08125 0.365625 0.021875 0.096875
5 0.0796875 0.29296875 0.01796875 0.05078125
5 0.31171875 0.69453125 0.028125 0.12734375
5 0.3046875 0.33203125 0.02890625 0.09296875
5 0.32890625 0.38828125 0.0359375 0.0875
5 0.41796875 0.32109375 0.0171875 0.05859375
5 0.35078125 0.446875 0.03515625 0.09375
3 0.603125 0.98203125 0.03046875 0.03515625