4 0.29140625 0.41953125 0.02421875 0.090625
2 0.4328125 0.3265625 0.025 0.078125
4 0.39453125 0.4921875 0.02578125 0.09453125
4 0.6421875 0.50390625 0.02578125 0.0921875
4 0.51640625 0.41015625 0.03125 0.0890625
5 0.13125 0.4703125 0.02578125 0.1078125
5 0.7234375 0.43046875 0.02578125 0.08515625
5 0.1859375 0.31953125 0.0234375 0.078125
5 0.31953125 0.40234375 0.02109375 0.0921875
4 0.08984375 0.41953125 0.0234375 0.08515625
4 0.234375 0.3234375 0.021875 0.07265625
4 0.43828125 0.378125 0.0296875 0.07578125
4 0.28515625 0.32265625 0.02109375 0.071875
4 0.3296875 0.34609375 0.021875 0.0703125
5 0.06953125 0.425 0.0265625 0.09375
5 0.2671875 0.3375 0.021875 0.07265625
4 0.69140625 0.45 0.02578125 0.0953125
5 0.3234375 0.36171875 0.021875 0.065625
5 0.81328125 0.51796875 0.03046875 0.09375
0 0.6203125 0.371875 0.0109375 0.01484375