0 0.37421875 0.62890625 0.00859375 0.0203125
2 0.24921875 0.5046875 0.04375 0.07109375
5 0.4234375 0.58515625 0.0234375 0.1015625
5 0.41640625 0.45 0.03046875 0.096875
5 0.50390625 0.4875 0.0328125 0.0984375
5 0.5453125 0.4875 0.021875 0.0984375
5 0.56171875 0.53671875 0.02734375 0.1046875
5 0.88203125 0.33984375 0.02578125 0.08671875
3 0.5109375 0.1703125 0.021875 0.07578125
3 0.85703125 0.58515625 0.03203125 0.0984375
4 0.6453125 0.50859375 0.01875 0.1125
4 0.74765625 0.43359375 0.03515625 0.08984375
4 0.60859375 0.42734375 0.03203125 0.08671875
4 0.51484375 0.35859375 0.028125 0.08203125
4 0.36015625 0.60703125 0.034375 0.09375