4 0.425 0.496875 0.021875 0.09296875
4 0.28984375 0.3953125 0.025 0.090625
4 0.6546875 0.6625 0.0234375 0.11953125
4 0.60078125 0.41640625 0.01875 0.09453125
4 0.6015625 0.340625 0.0203125 0.08359375
4 0.44296875 0.32734375 0.01796875 0.084375
4 0.4359375 0.2640625 0.01640625 0.078125
4 0.66015625 0.29609375 0.028125 0.0859375
4 0.64453125 0.2453125 0.02578125 0.065625
5 0.51328125 0.82109375 0.02578125 0.1390625
5 0.39296875 0.590625 0.0265625 0.1125
5 0.1703125 0.39765625 0.03203125 0.0734375
5 0.18515625 0.26171875 0.01953125 0.084375
5 0.46171875 0.234375 0.02265625 0.0734375
5 0.74140625 0.315625 0.02421875 0.084375
5 0.64609375 0.35 0.02109375 0.09140625
5 0.6421875 0.228125 0.03203125 0.05703125
2 0.97734375 0.353125 0.02109375 0.09296875
3 0.4015625 0.29921875 0.015625 0.0734375
3 0.753125 0.953125 0.028125 0.0734375