0 0.4359375 0.52734375 0.00625 0.0109375
5 0.39765625 0.5171875 0.0328125 0.0734375
5 0.55703125 0.50859375 0.02578125 0.0625
5 0.5859375 0.4359375 0.0203125 0.078125
5 0.50859375 0.3421875 0.02109375 0.05546875
5 0.5921875 0.69609375 0.0453125 0.103125
5 0.40859375 0.79765625 0.02109375 0.1109375
5 0.20078125 0.6828125 0.028125 0.10078125
5 0.01015625 0.503125 0.0203125 0.096875
0 0.93203125 0.484375 0.02265625 0.0828125
3 0.23125 0.46875 0.025 0.065625
4 0.19453125 0.540625 0.02578125 0.0921875
4 0.253125 0.28203125 0.0125 0.06171875
4 0.4796875 0.39375 0.0234375 0.0546875
4 0.425 0.4875 0.01953125 0.07578125
4 0.35703125 0.54609375 0.0203125 0.09296875
4 0.5671875 0.5953125 0.03203125 0.08671875
4 0.3234375 0.86796875 0.0234375 0.11953125