0 0.4765625 0.39765625 0.0078125 0.0140625
3 0.83359375 0.45546875 0.0453125 0.11015625
3 0.3828125 0.11953125 0.02109375 0.0703125
5 0.86484375 0.19140625 0.028125 0.08828125
5 0.5984375 0.428125 0.025 0.10234375
5 0.49453125 0.72265625 0.0421875 0.12890625
5 0.42578125 0.52265625 0.02578125 0.10234375
5 0.50546875 0.390625 0.03203125 0.0984375
5 0.4484375 0.20546875 0.02734375 0.08046875
4 0.9375 0.3640625 0.03515625 0.10859375
4 0.73203125 0.3921875 0.0265625 0.08828125
4 0.66953125 0.37421875 0.0359375 0.1
4 0.59140625 0.34765625 0.03515625 0.09375
4 0.4546875 0.41171875 0.0296875 0.0734375
4 0.41171875 0.43203125 0.0203125 0.0890625
4 0.40234375 0.48515625 0.03359375 0.0953125
4 0.42890625 0.571875 0.025 0.10078125
2 0.05703125 0.45546875 0.03515625 0.10078125