3 0.04609375 0.35546875 0.02421875 0.0796875
5 0.1296875 0.92421875 0.046875 0.1515625
5 0.0453125 0.27109375 0.01796875 0.09609375
5 0.3171875 0.39453125 0.02578125 0.05234375
5 0.42578125 0.39765625 0.02578125 0.10234375
5 0.45078125 0.32109375 0.025 0.07734375
0 0.446875 0.30703125 0.00546875 0.01328125
2 0.60625 0.37421875 0.025 0.0875
4 0.246875 0.328125 0.02421875 0.1
4 0.240625 0.70234375 0.0421875 0.1359375
4 0.29375 0.39453125 0.0296875 0.08671875
4 0.3078125 0.45234375 0.03125 0.121875
4 0.3828125 0.33125 0.0203125 0.0875
4 0.0046875 0.365625 0.00859375 0.04375