0 0.18125 0.40859375 0.00859375 0.0140625
4 0.28828125 0.3984375 0.02578125 0.096875
4 0.42421875 0.5046875 0.0296875 0.1046875
4 0.653125 0.66171875 0.02421875 0.121875
4 0.60078125 0.4171875 0.021875 0.09375
4 0.6078125 0.3453125 0.02578125 0.09296875
4 0.6671875 0.30390625 0.028125 0.08671875
4 0.640625 0.24609375 0.01953125 0.06953125
4 0.43984375 0.2640625 0.0234375 0.07109375
4 0.44609375 0.32890625 0.028125 0.08359375
2 0.9765625 0.35234375 0.0265625 0.1
5 0.39375 0.5953125 0.02734375 0.1171875
5 0.51328125 0.8265625 0.0328125 0.140625
3 0.7578125 0.95546875 0.03125 0.0890625
3 0.4015625 0.29921875 0.01953125 0.08359375
5 0.1859375 0.2640625 0.02109375 0.08671875
5 0.4640625 0.2421875 0.02578125 0.08671875
5 0.64296875 0.21171875 0.0203125 0.0453125
5 0.7390625 0.321875 0.021875 0.0984375
5 0.64765625 0.35 0.02421875 0.1
5 0.16796875 0.40078125 0.04140625 0.08046875