5 0.1109375 0.37421875 0.015625 0.06328125
5 0.1328125 0.50625 0.01875 0.0796875
5 0.29140625 0.675 0.02421875 0.10078125
5 0.48203125 0.778125 0.028125 0.109375
5 0.6671875 0.72265625 0.0296875 0.11484375
5 0.6328125 0.521875 0.02890625 0.06875
5 0.64609375 0.45546875 0.021875 0.07109375
2 0.98671875 0.4921875 0.02578125 0.08203125
4 0.0640625 0.38203125 0.01796875 0.06875
4 0.52265625 0.41484375 0.0296875 0.07421875
4 0.43984375 0.5453125 0.0265625 0.078125
4 0.36015625 0.303125 0.015625 0.0546875
4 0.29921875 0.53671875 0.0203125 0.08203125
4 0.41875 0.834375 0.0296875 0.1171875
4 0.62578125 0.6140625 0.0359375 0.09140625
4 0.46171875 0.48203125 0.02734375 0.08984375
5 0.55625 0.34453125 0.01640625 0.05234375
0 0.475 0.51640625 0.00703125 0.01640625
3 0.32109375 0.48125 0.02421875 0.06640625
3 0.1375 0.19921875 0.0140625 0.053125