4 0.40859375 0.76171875 0.025 0.103125
4 0.6390625 0.59921875 0.0171875 0.08828125
4 0.48671875 0.53125 0.01875 0.07734375
4 0.540625 0.3984375 0.01328125 0.06171875
4 0.36328125 0.275 0.01484375 0.05859375
4 0.2953125 0.55078125 0.01640625 0.07109375
4 0.27734375 0.48671875 0.03125 0.06328125
4 0.0578125 0.33984375 0.015625 0.04921875
5 0.04375 0.70703125 0.01875 0.0953125
5 0.115625 0.48828125 0.0140625 0.06953125
5 0.15234375 0.32890625 0.01328125 0.04296875
5 0.50625 0.309375 0.01171875 0.05390625
5 0.6359375 0.40390625 0.01640625 0.06328125
5 0.7171875 0.6734375 0.02421875 0.09375
5 0.62109375 0.525 0.02578125 0.07109375
5 0.49296875 0.6859375 0.015625 0.07890625
5 0.41796875 0.515625 0.01875 0.05546875
0 0.42890625 0.43828125 0.0078125 0.01875
5 0.26171875 0.64609375 0.015625 0.07890625
3 0.36328125 0.47109375 0.01796875 0.06953125
3 0.76171875 0.9609375 0.0265625 0.078125
2 0.8671875 0.43671875 0.01328125 0.07109375
3 0.1609375 0.19296875 0.0078125 0.04296875