5 0.421875 0.54609375 0.04140625 0.1109375
5 0.371875 0.4640625 0.0453125 0.09375
5 0.603125 0.52890625 0.04296875 0.07890625
5 0.5984375 0.4625 0.0390625 0.08828125
5 0.559375 0.40078125 0.0390625 0.08203125
5 0.51171875 0.3078125 0.04140625 0.08203125
5 0.43046875 0.1484375 0.03203125 0.06796875
5 0.30703125 0.20703125 0.03515625 0.07109375
5 0.3328125 0.32734375 0.02421875 0.07109375
5 0.82265625 0.165625 0.01953125 0.07578125
4 0.3875 0.40703125 0.03359375 0.07734375
4 0.5765625 0.4984375 0.02578125 0.1015625
4 0.8 0.84609375 0.05 0.121875
4 0.625 0.19453125 0.02265625 0.08046875
4 0.61953125 0.08203125 0.0109375 0.04296875
4 0.45234375 0.06640625 0.0125 0.04921875
4 0.35078125 0.11640625 0.02421875 0.03828125
3 0.51875 0.38828125 0.02421875 0.08515625
0 0.54765625 0.5296875 0.01015625 0.01875