2 0.0140625 0.475 0.028125 0.09453125
3 0.42578125 0.15234375 0.0234375 0.065625
5 0.83828125 0.2890625 0.02578125 0.07734375
5 0.6171875 0.4328125 0.0328125 0.0875
5 0.58828125 0.59453125 0.03828125 0.0953125
5 0.44453125 0.5140625 0.02890625 0.0765625
5 0.42421875 0.46875 0.0234375 0.08671875
5 0.4484375 0.42890625 0.02578125 0.08671875
3 0.86328125 0.48359375 0.03125 0.103125
4 0.5 0.3421875 0.0296875 0.08359375
4 0.54609375 0.43046875 0.03515625 0.08984375
4 0.58828125 0.51796875 0.0265625 0.09140625
4 0.5140625 0.64453125 0.0546875 0.11015625
4 0.71171875 0.365625 0.0234375 0.0875
0 0.57421875 0.54921875 0.00703125 0.01328125