3 0.70625 0.3984375 0.03515625 0.09609375
4 0.246875 0.646875 0.0296875 0.13359375
5 0.60234375 0.14765625 0.01796875 0.07578125
4 0.421875 0.26875 0.00078125 0.0015625
4 0.85 0.65078125 0.0515625 0.13203125
4 0.8984375 0.95703125 0.0328125 0.0859375
0 0.1765625 0.44453125 0.01171875 0.01796875
5 0.90390625 0.8265625 0.05546875 0.134375
5 0.8109375 0.50390625 0.03671875 0.115625
4 0.21171875 0.496875 0.034375 0.0984375
5 0.3390625 0.45703125 0.04296875 0.1046875
5 0.225 0.6296875 0.03203125 0.1234375
5 0.48359375 0.5671875 0.02890625 0.10859375
5 0.37109375 0.69140625 0.03515625 0.11640625
3 0.64140625 0.015625 0.0203125 0.03125