4 0.53359375 0.20234375 0.01484375 0.06328125
5 0.33671875 0.1921875 0.0125 0.06171875
4 0.01015625 0.2375 0.0171875 0.075
5 0.109375 0.171875 0.0078125 0.0421875
4 0.15 0.16953125 0.009375 0.04453125
5 0.17578125 0.21171875 0.0140625 0.06328125
4 0.3265625 0.2609375 0.02109375 0.09609375
0 0.3953125 0.20078125 0.00390625 0.0078125
5 0.2875 0.1859375 0.00859375 0.03828125
4 0.28203125 0.17109375 0.0046875 0.02578125
5 0.41015625 0.19140625 0.0125 0.053125
4 0.44140625 0.16953125 0.009375 0.04140625
4 0.45625 0.17890625 0.00703125 0.04375
4 0.465625 0.18515625 0.009375 0.0453125
4 0.5921875 0.18359375 0.00859375 0.05625
4 0.51484375 0.17890625 0.0078125 0.0484375
2 0.80390625 0.16171875 0.00703125 0.053125