5 0.34296875 0.23203125 0.01796875 0.08515625
5 0.40390625 0.29609375 0.02109375 0.11484375
4 0.6484375 0.2 0.0125 0.06640625
4 0.7109375 0.1984375 0.0140625 0.05859375
5 0.6265625 0.19921875 0.01171875 0.06171875
5 0.84765625 0.228125 0.01796875 0.07578125
4 0.98671875 0.2703125 0.02578125 0.09921875
4 0.50078125 0.1921875 0.01328125 0.05625
4 0.921875 0.1921875 0.0125 0.059375
5 0.90703125 0.18515625 0.0140625 0.0671875
4 0.7921875 0.1765625 0.01171875 0.05234375
4 0.8796875 0.20625 0.01328125 0.0734375
5 0.45078125 0.1984375 0.0125 0.05859375
5 0.46171875 0.17890625 0.00859375 0.04921875
5 0.27578125 0.19296875 0.015625 0.059375
3 0.575 0.19921875 0.0125 0.06875
0 0.46015625 0.19921875 0.00390625 0.00859375