5 0.54921875 0.26171875 0.03203125 0.09375
5 0.54375 0.40078125 0.0265625 0.103125
5 0.54375 0.51015625 0.02578125 0.11875
5 0.86484375 0.4828125 0.03984375 0.1109375
5 0.8 0.27734375 0.03984375 0.096875
5 0.66953125 0.16015625 0.0234375 0.08671875
5 0.59609375 0.20859375 0.0265625 0.08046875
5 0.59296875 0.1515625 0.02578125 0.03984375
2 0.18046875 0.4265625 0.04453125 0.128125
4 0.60234375 0.75 0.0328125 0.1328125
4 0.57265625 0.459375 0.0421875 0.109375
4 0.69296875 0.25 0.02265625 0.1078125
4 0.89140625 0.1875 0.03125 0.096875
4 0.6453125 0.14921875 0.02734375 0.07265625
4 0.55703125 0.1109375 0.01640625 0.06171875
0 0.628125 0.178125 0.00703125 0.0171875
3 0.5484375 0.0859375 0.0171875 0.0671875