5 0.52734375 0.49921875 0.03515625 0.10390625
5 0.5328125 0.378125 0.02109375 0.10234375
5 0.5328125 0.23984375 0.02890625 0.08828125
5 0.5796875 0.1921875 0.02421875 0.07734375
5 0.5640625 0.15078125 0.01875 0.06953125
5 0.66953125 0.14296875 0.0203125 0.06953125
5 0.76796875 0.26640625 0.021875 0.0890625
5 0.84296875 0.46015625 0.025 0.10234375
4 0.6 0.7734375 0.0328125 0.14296875
4 0.5578125 0.44765625 0.02421875 0.10625
4 0.64296875 0.22265625 0.01875 0.084375
4 0.6296875 0.13515625 0.01640625 0.065625
4 0.55859375 0.0953125 0.0265625 0.06640625
0 0.61953125 0.16171875 0.00625 0.01171875
3 0.51796875 0.08671875 0.02421875 0.06640625
4 0.86875 0.16953125 0.028125 0.08984375
4 0.99140625 0.1984375 0.0171875 0.08984375
4 0.975 0.48046875 0.0265625 0.109375
2 0.13515625 0.415625 0.03828125 0.11484375