4 0.26953125 0.6453125 0.0890625 0.325
4 0.12109375 0.20703125 0.02265625 0.07734375
4 0.175 0.24609375 0.0234375 0.09609375
4 0.21796875 0.2171875 0.0125 0.07265625
4 0.384375 0.27265625 0.01953125 0.10546875
4 0.5171875 0.22109375 0.02421875 0.09140625
4 0.65625 0.253125 0.021875 0.10234375
4 0.7828125 0.2390625 0.01796875 0.0859375
5 0.81640625 0.23671875 0.02109375 0.1015625
0 0.80390625 0.259375 0.00859375 0.02109375
2 0.45859375 0.1578125 0.0125 0.046875
5 0.46953125 0.28515625 0.02578125 0.11015625
5 0.384375 0.1984375 0.01484375 0.04609375
5 0.23046875 0.2671875 0.0203125 0.1015625
5 0.06796875 0.21328125 0.01953125 0.0671875