5 0.5203125 0.59375 0.0328125 0.14375
5 0.38671875 0.40625 0.01875 0.1125
5 0.1828125 0.55546875 0.02421875 0.1265625
5 0.14453125 0.3609375 0.021875 0.1046875
5 0.0546875 0.440625 0.0234375 0.10625
5 0.4984375 0.36796875 0.01875 0.08828125
5 0.4984375 0.30078125 0.0109375 0.03125
4 0.48125 0.33359375 0.021875 0.07421875
4 0.434375 0.4375 0.04140625 0.09375
4 0.57734375 0.40546875 0.02109375 0.084375
4 0.37421875 0.7671875 0.0359375 0.1484375
4 0.046875 0.23203125 0.02109375 0.07265625
2 0.60546875 0.39140625 0.0296875 0.04765625
0 0.74296875 0.35859375 0.00859375 0.0140625
3 0.19140625 0.3359375 0.025 0.09375