4 0.9640625 0.5484375 0.03125 0.10625
4 0.93984375 0.66796875 0.034375 0.11796875
5 0.97265625 0.78984375 0.0390625 0.15546875
5 0.75 0.5703125 0.02734375 0.09609375
4 0.84609375 0.57109375 0.0328125 0.1125
4 0.546875 0.6265625 0.028125 0.11484375
5 0.29921875 0.6765625 0.0296875 0.11953125
4 0.3609375 0.62578125 0.0375 0.11953125
5 0.671875 0.57109375 0.03203125 0.0796875
2 0.46015625 0.6203125 0.06171875 0.05390625
5 0.49296875 0.58046875 0.0296875 0.08984375
4 0.609375 0.59921875 0.0265625 0.11015625
4 0.65859375 0.61640625 0.05546875 0.040625
4 0.71875 0.5921875 0.0234375 0.1125
4 0.528125 0.61796875 0.01015625 0.08359375