4 0.7328125 0.55703125 0.03203125 0.1078125
4 0.72734375 0.48046875 0.03046875 0.1015625
4 0.55625 0.4109375 0.02578125 0.1
4 0.42265625 0.4859375 0.0203125 0.090625
4 0.365625 0.434375 0.03203125 0.09375
4 0.48359375 0.378125 0.0203125 0.090625
4 0.45234375 0.33671875 0.021875 0.08203125
4 0.39609375 0.28828125 0.01796875 0.03671875
4 0.29453125 0.3015625 0.02265625 0.08046875
4 0.2 0.42421875 0.0265625 0.08984375
2 0.5 0.303125 0.01484375 0.08125
0 0.28515625 0.2703125 0.00625 0.0109375
5 0.2609375 0.29296875 0.01953125 0.06796875
5 0.01484375 0.33515625 0.0296875 0.0828125
5 0.25546875 0.47890625 0.02265625 0.1078125
5 0.37578125 0.4078125 0.021875 0.090625
5 0.3984375 0.3359375 0.01953125 0.0875
5 0.496875 0.3625 0.0171875 0.07890625
5 0.6921875 0.4359375 0.0359375 0.10078125
5 0.92265625 0.57109375 0.0203125 0.11640625
3 0.1390625 0.40234375 0.025 0.090625