4 0.0078125 0.75234375 0.015625 0.1203125
4 0.0640625 0.46796875 0.0296875 0.0984375
4 0.24765625 0.36953125 0.0265625 0.08984375
3 0.1765625 0.4203125 0.03203125 0.0859375
4 0.371875 0.196875 0.0171875 0.06953125
4 0.4234375 0.58828125 0.03828125 0.11640625
4 0.72109375 0.47265625 0.03203125 0.0921875
4 0.57734375 0.25390625 0.01953125 0.07890625
5 0.2546875 0.10546875 0.01640625 0.05625
5 0.43671875 0.2390625 0.025 0.08359375
5 0.41015625 0.4625 0.0296875 0.0921875
5 0.490625 0.33203125 0.0234375 0.07421875
5 0.78984375 0.50625 0.0265625 0.109375
5 0.6125 0.871875 0.05 0.11171875
5 0.7203125 0.26953125 0.01953125 0.0859375
5 0.58671875 0.1171875 0.0171875 0.06171875
0 0.4953125 0.409375 0.009375 0.01171875