4 0.6265625 0.61484375 0.01484375 0.08203125
4 0.6390625 0.6109375 0.0125 0.08359375
4 0.6046875 0.68828125 0.01953125 0.08671875
4 0.5140625 0.6546875 0.0125 0.08671875
4 0.4453125 0.65625 0.01484375 0.05546875
4 0.42109375 0.6671875 0.0125 0.07265625
4 0.371875 0.696875 0.0171875 0.09375
4 0.31953125 0.7171875 0.0171875 0.1125
5 0.28125 0.75859375 0.02578125 0.10625
5 0.671875 0.77578125 0.02265625 0.1125
5 0.52734375 0.64921875 0.01484375 0.08828125
5 0.4890625 0.65234375 0.01640625 0.07578125
5 0.43359375 0.66875 0.0109375 0.07890625
5 0.8234375 0.7 0.01640625 0.1
5 0.85078125 0.5859375 0.015625 0.06015625
0 0.86796875 0.628125 0.01171875 0.01875
3 0.72578125 0.70703125 0.02734375 0.1015625
3 0.80546875 0.5390625 0.0203125 0.07265625
2 0.225 0.66328125 0.025 0.0953125
4 0.465625 0.64609375 0.0109375 0.04140625
5 0.459375 0.67265625 0.0109375 0.06796875
5 0.47734375 0.66015625 0.01015625 0.08984375