4 0.215625 0.2640625 0.03515625 0.0953125
4 0.45078125 0.51171875 0.04296875 0.08203125
4 0.778125 0.88203125 0.04375 0.16484375
4 0.9 0.41875 0.0390625 0.115625
4 0.746875 0.2421875 0.0234375 0.08984375
4 0.6546875 0.23671875 0.01640625 0.08828125
5 0.2609375 0.28359375 0.0234375 0.07109375
5 0.303125 0.38046875 0.03671875 0.103125
5 0.36953125 0.48125 0.04140625 0.1046875
5 0.446875 0.56953125 0.0375 0.1046875
5 0.61484375 0.26875 0.01875 0.07421875
5 0.9625 0.2765625 0.03671875 0.08984375
5 0.84375 0.44765625 0.0234375 0.1046875
5 0.8453125 0.61328125 0.03828125 0.11875
0 0.3234375 0.321875 0.01171875 0.0265625
3 0.84609375 0.365625 0.0390625 0.0953125
3 0.16640625 0.1078125 0.02890625 0.04296875