4 0.228125 0.2578125 0.02890625 0.0703125
4 0.5015625 0.55078125 0.03984375 0.1125
4 0.6171875 0.290625 0.02421875 0.08125
0 0.6046875 0.32578125 0.00703125 0.01484375
4 0.74453125 0.2609375 0.03046875 0.0890625
4 0.87421875 0.4546875 0.03046875 0.10546875
4 0.86953125 0.90078125 0.075 0.15546875
3 0.125 0.121875 0.0265625 0.05625
3 0.8609375 0.38359375 0.0453125 0.09921875
2 0.26796875 0.3015625 0.03671875 0.07265625
5 0.35078125 0.40625 0.0328125 0.09765625
5 0.37265625 0.51640625 0.03671875 0.1015625
5 0.45859375 0.60546875 0.03125 0.11640625
5 0.85703125 0.63515625 0.05 0.12265625
5 0.85546875 0.47265625 0.0390625 0.109375
5 0.93828125 0.3125 0.02578125 0.09375
5 0.6234375 0.33046875 0.01875 0.06953125