4 0.115625 0.55625 0.05 0.1125
4 0.12890625 0.41875 0.0296875 0.08515625
4 0.6828125 0.51953125 0.0375 0.096875
4 0.8046875 0.3953125 0.03046875 0.08984375
4 0.9453125 0.178125 0.02578125 0.07265625
4 0.79609375 0.28125 0.0265625 0.08359375
4 0.64375 0.1453125 0.01953125 0.06796875
4 0.8265625 0.90390625 0.046875 0.121875
0 0.353125 0.33046875 0.009375 0.025
3 0.49609375 0.4015625 0.025 0.08984375
3 0.71171875 0.0546875 0.01953125 0.06640625
5 0.5890625 0.43046875 0.02734375 0.1046875
5 0.35859375 0.49375 0.03359375 0.0984375
5 0.36796875 0.1703125 0.01953125 0.07265625
5 0.97265625 0.3359375 0.0234375 0.10625
5 0.75078125 0.68515625 0.04609375 0.1140625
5 0.1546875 0.37109375 0.02890625 0.06015625
5 0.046875 0.53828125 0.0265625 0.1078125
5 0.30078125 0.66171875 0.04453125 0.1046875
5 0.73203125 0.25234375 0.01875 0.06953125