2 0.7703125 0.4109375 0.028125 0.0875
3 0.165625 0.4828125 0.025 0.1125
4 0.2390625 0.7125 0.03515625 0.13984375
4 0.7359375 0.5015625 0.0203125 0.10859375
4 0.64921875 0.46171875 0.028125 0.0984375
4 0.7578125 0.5359375 0.02421875 0.10390625
4 0.1609375 0.4046875 0.021875 0.0953125
4 0.36328125 0.45390625 0.0328125 0.0984375
0 0.42578125 0.46953125 0.0078125 0.01015625
5 0.00546875 0.796875 0.0109375 0.10390625
5 0.41171875 0.45234375 0.02109375 0.10234375
5 0.47734375 0.43828125 0.0296875 0.08828125
5 0.571875 0.4359375 0.01875 0.10078125
5 0.67734375 0.49296875 0.0203125 0.10234375
5 0.14296875 0.49765625 0.034375 0.103125