2 0.23203125 0.328125 0.01875 0.05390625
4 0.3640625 0.45078125 0.0234375 0.059375
4 0.42578125 0.48046875 0.025 0.06953125
4 0.4890625 0.48828125 0.01953125 0.065625
4 0.56640625 0.2890625 0.0203125 0.05859375
4 0.68671875 0.52421875 0.028125 0.07890625
4 0.89140625 0.2953125 0.015625 0.04609375
4 0.79296875 0.15625 0.0109375 0.04609375
4 0.46015625 0.37265625 0.02109375 0.059375
4 0.40078125 0.2796875 0.0203125 0.05390625
4 0.37421875 0.30859375 0.0203125 0.053125
5 0.7234375 0.50078125 0.01875 0.07109375
5 0.371875 0.5140625 0.02421875 0.053125
5 0.44921875 0.45078125 0.02265625 0.065625
5 0.37890625 0.28984375 0.01953125 0.05390625
5 0.48125 0.303125 0.02265625 0.05546875
5 0.6421875 0.2453125 0.0203125 0.0484375
5 0.8203125 0.37421875 0.0140625 0.059375
5 0.86796875 0.1703125 0.0125 0.04609375
0 0.35703125 0.521875 0.00625 0.01796875
3 0.646875 0.440625 0.02265625 0.06640625
3 0.44296875 0.0671875 0.01171875 0.034375