5 0.38203125 0.521875 0.02734375 0.1171875
5 0.23671875 0.40859375 0.02734375 0.1015625
5 0.2859375 0.3375 0.028125 0.08984375
3 0.30546875 0.2875 0.0265625 0.084375
4 0.59921875 0.78359375 0.04375 0.15546875
4 0.72734375 0.3953125 0.03984375 0.0984375
4 0.42421875 0.43203125 0.02890625 0.0953125
2 0.92890625 0.34375 0.028125 0.06796875
4 0.14140625 0.4171875 0.02890625 0.10703125
4 0.475 0.3203125 0.03671875 0.07890625
4 0.0265625 0.2421875 0.025 0.08828125
5 0.2265625 0.2203125 0.0234375 0.078125
5 0.478125 0.3953125 0.028125 0.1046875
5 0.72734375 0.5890625 0.02890625 0.13359375
5 0.51328125 0.3484375 0.03671875 0.08515625
5 0.4984375 0.29296875 0.0234375 0.0578125
0 0.71796875 0.4234375 0.00703125 0.01328125
4 0.2265625 0.165625 0.01640625 0.04375