4 0.5546875 0.6703125 0.04140625 0.1375
4 0.50859375 0.51015625 0.04296875 0.11875
4 0.47265625 0.503125 0.03828125 0.109375
4 0.68671875 0.46484375 0.0171875 0.028125
5 0.68515625 0.53203125 0.0296875 0.11796875
2 0.7125 0.47890625 0.02890625 0.14140625
5 0.4921875 0.47265625 0.01796875 0.1453125
3 0.06328125 0.5421875 0.04140625 0.13359375
4 0.1125 0.53125 0.05703125 0.075
4 0.1796875 0.4296875 0.03359375 0.109375
5 0.26015625 0.76015625 0.04609375 0.15625
5 0.25546875 0.4890625 0.025 0.1296875
5 0.24140625 0.4578125 0.01953125 0.1421875
5 0.1578125 0.53671875 0.03359375 0.16484375