4 0.07890625 0.5984375 0.03984375 0.1515625
4 0.14765625 0.43203125 0.03125 0.1359375
4 0.25 0.20078125 0.021875 0.1015625
4 0.3765625 0.3609375 0.03203125 0.1265625
4 0.41328125 0.125 0.02109375 0.07109375
4 0.57734375 0.3109375 0.0328125 0.103125
4 0.61171875 0.41875 0.03125 0.10625
4 0.92109375 0.44453125 0.04375 0.1078125
4 0.853125 0.8328125 0.04609375 0.18359375
5 0.9953125 0.60703125 0.009375 0.15
5 0.58203125 0.49921875 0.0296875 0.11875
5 0.70390625 0.41953125 0.0390625 0.1171875
5 0.64453125 0.315625 0.0375 0.109375
5 0.6359375 0.25390625 0.0296875 0.08515625
5 0.428125 0.190625 0.0265625 0.103125
5 0.43671875 0.30078125 0.02578125 0.10078125
5 0.4140625 0.37109375 0.02421875 0.09375
3 0.4671875 0.2515625 0.03203125 0.09296875
0 0.64453125 0.4015625 0.01484375 0.0171875