5 0.5921875 0.70234375 0.03984375 0.10234375
5 0.40859375 0.7984375 0.0234375 0.0984375
5 0.20546875 0.68359375 0.025 0.1
5 0.3984375 0.51484375 0.040625 0.07109375
5 0.5578125 0.51015625 0.028125 0.07890625
5 0.58671875 0.434375 0.0171875 0.075
5 0.509375 0.34296875 0.0203125 0.053125
5 0.009375 0.50546875 0.01875 0.0890625
4 0.565625 0.59921875 0.03125 0.08828125
4 0.35859375 0.54921875 0.02109375 0.08515625
4 0.43203125 0.49609375 0.028125 0.0875
4 0.47890625 0.396875 0.021875 0.053125
4 0.19375 0.540625 0.02578125 0.084375
4 0.325 0.865625 0.025 0.12421875
3 0.23046875 0.46796875 0.02578125 0.06953125
2 0.93046875 0.4875 0.025 0.08046875
4 0.25390625 0.28359375 0.01640625 0.06015625
0 0.43515625 0.528125 0.00703125 0.0125