5 0.69140625 0.765625 0.01953125 0.1125
5 0.85703125 0.71328125 0.0234375 0.10546875
5 0.25859375 0.76171875 0.01875 0.1140625
5 0.42109375 0.6765625 0.01328125 0.09609375
5 0.478125 0.675 0.0078125 0.08984375
5 0.48984375 0.67109375 0.02265625 0.07890625
5 0.5125 0.653125 0.0140625 0.09296875
5 0.48125 0.6234375 0.01015625 0.025
5 0.83515625 0.5796875 0.01171875 0.07890625
3 0.80234375 0.5421875 0.025 0.0640625
3 0.709375 0.690625 0.02265625 0.09765625
0 0.859375 0.62890625 0.0078125 0.0109375
2 0.21328125 0.6640625 0.02421875 0.09453125
4 0.31328125 0.72109375 0.0203125 0.11796875
4 0.35625 0.70703125 0.01796875 0.10625
4 0.4015625 0.68125 0.021875 0.096875
4 0.43203125 0.67421875 0.01328125 0.10390625
4 0.46875 0.66015625 0.01640625 0.09609375
4 0.49453125 0.65078125 0.015625 0.096875
4 0.59921875 0.69375 0.02265625 0.0953125
4 0.61640625 0.6125 0.0109375 0.0796875
4 0.628125 0.61328125 0.0109375 0.09453125