4 0.746875 0.44921875 0.0375 0.096875
5 0.33984375 0.46875 0.02734375 0.0921875
5 0.971875 0.70234375 0.046875 0.18203125
5 0.90546875 0.46796875 0.03046875 0.1203125
5 0.53828125 0.40078125 0.0328125 0.1
4 0.28359375 0.48125 0.03203125 0.128125
4 0.60078125 0.51015625 0.03515625 0.128125
4 0.9421875 0.4109375 0.03046875 0.10078125
4 0.42109375 0.44375 0.0296875 0.0921875
5 0.23203125 0.51796875 0.02890625 0.11953125
4 0.5984375 0.42734375 0.0359375 0.0984375
4 0.62421875 0.42109375 0.028125 0.08359375
4 0.5703125 0.66875 0.040625 0.1703125
4 0.1828125 0.5265625 0.02734375 0.11015625
4 0.5 0.425 0.02890625 0.08046875
5 0.64296875 0.53671875 0.0328125 0.140625
0 0.5828125 0.4546875 0.009375 0.01015625
3 0.7375 0.540625 0.02890625 0.13046875
3 0.7703125 0.33828125 0.02578125 0.06328125