4 0.36484375 0.321875 0.0265625 0.0875
4 0.30078125 0.43984375 0.0296875 0.115625
4 0.43046875 0.628125 0.0328125 0.1234375
4 0.365625 0.49296875 0.03671875 0.121875
4 0.85703125 0.3546875 0.028125 0.115625
4 0.68203125 0.3671875 0.0265625 0.10390625
4 0.6546875 0.36796875 0.03046875 0.10859375
4 0.603125 0.33203125 0.02421875 0.1
5 0.7765625 0.16171875 0.021875 0.08203125
5 0.4109375 0.17734375 0.02421875 0.084375
5 0.43828125 0.403125 0.0359375 0.09140625
5 0.33046875 0.4984375 0.03828125 0.1140625
5 0.509375 0.771875 0.040625 0.1390625
5 0.621875 0.37421875 0.0296875 0.084375
3 0.8421875 0.46328125 0.0390625 0.12109375
3 0.30625 0.121875 0.03046875 0.06640625
0 0.51484375 0.41484375 0.0109375 0.02109375