5 0.546875 0.2203125 0.0125 0.05859375
3 0.25546875 0.20859375 0.01484375 0.06015625
5 0.4671875 0.22421875 0.01953125 0.05703125
5 0.05390625 0.290625 0.02421875 0.1078125
5 0.53671875 0.24921875 0.01640625 0.0828125
4 0.1578125 0.25703125 0.015625 0.07734375
5 0.034375 0.2203125 0.015625 0.06953125
4 0.11015625 0.228125 0.01640625 0.071875
5 0.28203125 0.19765625 0.0109375 0.05
4 0.01015625 0.20546875 0.0203125 0.0671875
2 0.94296875 0.1890625 0.0171875 0.05625
4 0.49296875 0.2296875 0.02578125 0.06015625
4 0.4921875 0.20390625 0.0125 0.034375
0 0.44765625 0.25 0.0078125 0.0125
5 0.4375 0.2 0.01015625 0.05546875
4 0.29609375 0.19296875 0.01171875 0.0453125
5 0.36328125 0.21640625 0.0203125 0.06171875