4 0.6109375 0.89765625 0.0375 0.128125
4 0.8046875 0.54609375 0.046875 0.09296875
4 0.70625 0.28515625 0.02578125 0.09140625
4 0.5734375 0.1140625 0.0140625 0.07265625
4 0.475 0.340625 0.015625 0.084375
4 0.41015625 0.48125 0.02421875 0.096875
4 0.4171875 0.25390625 0.02265625 0.08671875
4 0.203125 0.10625 0.015625 0.0671875
0 0.7921875 0.60078125 0.009375 0.015625
5 0.68203125 0.4515625 0.028125 0.09296875
5 0.52109375 0.25234375 0.01796875 0.084375
5 0.340625 0.2046875 0.015625 0.07421875
5 0.1859375 0.35859375 0.01875 0.08203125
5 0.05859375 0.465625 0.03046875 0.08515625
5 0.340625 0.60234375 0.0296875 0.0984375
3 0.15859375 0.47578125 0.02421875 0.1125