4 0.48515625 0.4515625 0.025 0.08359375
4 0.66640625 0.49453125 0.02890625 0.103125
4 0.82265625 0.91640625 0.04609375 0.15
4 0.68359375 0.10546875 0.0171875 0.06640625
4 0.86484375 0.04765625 0.01953125 0.0515625
5 0.7328125 0.5265625 0.04296875 0.10859375
5 0.77421875 0.4171875 0.02265625 0.09609375
5 0.68828125 0.45625 0.0375 0.084375
5 0.73828125 0.3328125 0.03828125 0.09296875
5 0.73125 0.16171875 0.0203125 0.0765625
5 0.56796875 0.228125 0.0265625 0.078125
5 0.5015625 0.3890625 0.0390625 0.0890625
5 0.58203125 0.4734375 0.03515625 0.09453125
5 0.61015625 0.503125 0.03359375 0.096875
2 0.1640625 0.38125 0.03046875 0.0734375
0 0.440625 0.471875 0.0109375 0.01953125
3 0.840625 0.44765625 0.0328125 0.090625
3 0.49140625 0.03515625 0.015625 0.0625