5 0.5296875 0.49296875 0.08671875 0.2515625
5 0.9421875 0.32890625 0.03984375 0.15703125
4 0.29609375 0.17109375 0.02109375 0.0765625
4 0.58984375 0.41484375 0.04296875 0.21484375
3 0.6765625 0.19609375 0.02734375 0.09609375
5 0.41796875 0.159375 0.01796875 0.06015625
4 0.47734375 0.27578125 0.0375 0.12265625
0 0.584375 0.48828125 0.02109375 0.040625
5 0.64609375 0.421875 0.0578125 0.203125
4 0.69609375 0.18828125 0.0125 0.08125
5 0.91484375 0.18046875 0.01875 0.0671875
5 0.22578125 0.17890625 0.01875 0.0796875
4 0.08671875 0.18046875 0.01640625 0.08046875
4 0.0890625 0.8875 0.12421875 0.225
4 0.34765625 0.90703125 0.10703125 0.1859375