4 0.515625 0.34296875 0.028125 0.07734375
4 0.70625 0.33359375 0.0265625 0.08046875
4 0.61171875 0.509375 0.01640625 0.08984375
4 0.61796875 0.64609375 0.02734375 0.109375
4 0.55 0.4390625 0.0375 0.096875
5 0.43359375 0.46484375 0.01796875 0.0984375
5 0.46484375 0.41484375 0.025 0.08359375
5 0.46875 0.51015625 0.025 0.07890625
5 0.64921875 0.40703125 0.02421875 0.08046875
5 0.6734375 0.58203125 0.0421875 0.08671875
5 0.81640625 0.2609375 0.0234375 0.08359375
0 0.60390625 0.54375 0.009375 0.0265625
3 0.41015625 0.15234375 0.01796875 0.07265625
3 0.840625 0.43359375 0.01953125 0.09296875