0 0.6890625 0.38359375 0.0078125 0.0140625
2 0.990625 0.6640625 0.01796875 0.1140625
4 0.759375 0.6421875 0.03359375 0.12109375
4 0.51640625 0.428125 0.02109375 0.0828125
4 0.40390625 0.309375 0.021875 0.0546875
4 0.3109375 0.52734375 0.03671875 0.1140625
4 0.1875 0.51640625 0.02578125 0.11484375
4 0.06796875 0.30234375 0.02578125 0.084375
5 0.38046875 0.63828125 0.03359375 0.13046875
5 0.30546875 0.36328125 0.025 0.10703125
5 0.4265625 0.43125 0.02421875 0.11328125
5 0.4171875 0.35703125 0.028125 0.09609375
5 0.5375 0.41796875 0.021875 0.11015625
5 0.52578125 0.521875 0.025 0.11328125
5 0.6796875 0.59453125 0.053125 0.1078125
5 0.70078125 0.6796875 0.065625 0.1140625
3 0.20625 0.4796875 0.025 0.1015625