4 0.38203125 0.2 0.01953125 0.0609375
3 0.284375 0.18984375 0.01171875 0.0578125
4 0.11328125 0.20390625 0.01640625 0.053125
5 0.271875 0.20546875 0.0140625 0.0625
4 0.1625 0.22109375 0.015625 0.0640625
4 0.40859375 0.19765625 0.015625 0.05546875
5 0.53671875 0.184375 0.01171875 0.05859375
5 0.2515625 0.25234375 0.02109375 0.08984375
4 0.4296875 0.18125 0.0109375 0.046875
5 0.446875 0.18125 0.01015625 0.05078125
5 0.13515625 0.2 0.01875 0.04921875
4 0.37109375 0.203125 0.01328125 0.0609375
5 0.496875 0.196875 0.01171875 0.0609375
5 0.36171875 0.1828125 0.01015625 0.04453125
2 0.74140625 0.1625 0.0125 0.04296875
5 0.1015625 0.1765625 0.00859375 0.04140625
5 0.07421875 0.1703125 0.01640625 0.03828125