4 0.4234375 0.49765625 0.015625 0.06171875
4 0.3640625 0.44765625 0.0234375 0.05078125
4 0.375 0.30546875 0.0203125 0.05546875
4 0.3859375 0.2859375 0.01875 0.04453125
4 0.56875 0.290625 0.0203125 0.05
4 0.49140625 0.4859375 0.0265625 0.06640625
4 0.68359375 0.52421875 0.0171875 0.0765625
4 0.46328125 0.3734375 0.0203125 0.0546875
4 0.875 0.29296875 0.015625 0.0484375
4 0.78125 0.15703125 0.01171875 0.04375
3 0.4359375 0.07109375 0.01171875 0.0359375
3 0.646875 0.44375 0.0203125 0.06640625
2 0.2171875 0.33046875 0.0203125 0.05390625
5 0.37578125 0.5234375 0.0234375 0.07265625
5 0.45234375 0.46796875 0.01640625 0.0625
5 0.71796875 0.5 0.01953125 0.06953125
5 0.81796875 0.371875 0.02109375 0.0640625
5 0.64375 0.25 0.0171875 0.04921875
5 0.48125 0.3046875 0.0203125 0.0546875
5 0.396875 0.2734375 0.015625 0.04765625
5 0.85703125 0.16796875 0.01328125 0.04921875
0 0.359375 0.54140625 0.009375 0.01640625