5 0.6578125 0.2734375 0.028125 0.11015625
5 0.34453125 0.15078125 0.01015625 0.05
4 0.6640625 0.2 0.015625 0.06484375
5 0.27421875 0.21484375 0.0140625 0.07734375
5 0.14140625 0.18828125 0.0171875 0.06640625
5 0.5859375 0.6890625 0.046875 0.2828125
5 0.43984375 0.1984375 0.01171875 0.075
5 0.37421875 0.18671875 0.01328125 0.06328125
3 0.6859375 0.23046875 0.02734375 0.10625
5 0.00859375 0.22578125 0.01640625 0.0859375
0 0.66953125 0.240625 0.009375 0.01484375
4 0.7078125 0.175 0.009375 0.0546875
4 0.72734375 0.17421875 0.0109375 0.05859375
5 0.66953125 0.15859375 0.0125 0.0375