4 0.725 0.390625 0.03046875 0.0875
4 0.55703125 0.428125 0.025 0.084375
3 0.446875 0.17265625 0.015625 0.03984375
4 0.4515625 0.64140625 0.03671875 0.103125
5 0.540625 0.5984375 0.02734375 0.103125
5 0.59765625 0.46171875 0.02421875 0.05625
3 0.8734375 0.5265625 0.02890625 0.096875
2 0.08984375 0.475 0.0328125 0.08828125
4 0.496875 0.35 0.0265625 0.08046875
5 0.85546875 0.30546875 0.02578125 0.07890625
4 0.584375 0.52265625 0.0265625 0.08671875
5 0.44453125 0.43359375 0.02734375 0.08125
5 0.45625 0.5140625 0.03359375 0.08984375
0 0.5703125 0.55 0.0078125 0.01171875
5 0.45234375 0.4921875 0.03515625 0.10078125