2 0.79453125 0.40078125 0.02578125 0.07578125
3 0.1875 0.4625 0.025 0.1125
4 0.22265625 0.69609375 0.0421875 0.1453125
4 0.753125 0.4890625 0.0203125 0.09921875
4 0.63359375 0.446875 0.02578125 0.09140625
4 0.76875 0.52734375 0.02421875 0.10390625
4 0.153125 0.390625 0.021875 0.0953125
4 0.3796875 0.43125 0.025 0.0984375
0 0.3953125 0.4671875 0.0078125 0.01015625
5 0.01015625 0.76015625 0.0203125 0.1484375
5 0.43203125 0.45078125 0.0171875 0.09765625
5 0.5015625 0.425 0.0296875 0.08828125
5 0.5984375 0.42734375 0.015625 0.09375
5 0.70390625 0.48359375 0.01484375 0.10390625
5 0.15546875 0.48046875 0.02421875 0.103125