4 0.34609375 0.59765625 0.04140625 0.103125
4 0.51953125 0.3453125 0.021875 0.09296875
4 0.621875 0.42109375 0.02734375 0.08984375
4 0.6734375 0.50078125 0.01796875 0.1
4 0.765625 0.43828125 0.03203125 0.09296875
5 0.89921875 0.3390625 0.02421875 0.08828125
5 0.39921875 0.44609375 0.025 0.0984375
5 0.3984375 0.578125 0.02578125 0.109375
5 0.49921875 0.48359375 0.0234375 0.103125
5 0.5609375 0.54921875 0.01796875 0.09296875
5 0.56171875 0.478125 0.025 0.04921875
0 0.3359375 0.51796875 0.009375 0.0171875
2 0.28359375 0.51015625 0.04765625 0.08828125
3 0.87265625 0.6125 0.03125 0.1203125
3 0.5234375 0.1515625 0.0234375 0.07109375