4 0.540625 0.7953125 0.02734375 0.140625
4 0.275 0.60390625 0.021875 0.10859375
4 0.2328125 0.5625 0.02734375 0.1109375
4 0.11953125 0.43125 0.021875 0.09296875
4 0.45234375 0.40625 0.0265625 0.0875
4 0.6875 0.55546875 0.021875 0.10546875
4 0.5265625 0.4765625 0.02734375 0.08046875
5 0.6984375 0.734375 0.03515625 0.128125
5 0.6234375 0.58359375 0.02421875 0.11640625
5 0.5421875 0.50703125 0.021875 0.1109375
5 0.49140625 0.4703125 0.0296875 0.0984375
5 0.365625 0.43125 0.01796875 0.0984375
5 0.42578125 0.60859375 0.0296875 0.09140625
5 0.29140625 0.35625 0.02265625 0.090625
5 0.13125 0.47890625 0.03125 0.10546875
5 0.1015625 0.625 0.0484375 0.121875
5 0.08203125 0.7375 0.04375 0.14140625
3 0.28203125 0.503125 0.028125 0.10859375
0 0.2875 0.6421875 0.01015625 0.01796875