5 0.49765625 0.7328125 0.0421875 0.13203125
5 0.44453125 0.20234375 0.028125 0.0875
5 0.48828125 0.39296875 0.0390625 0.096875
5 0.5984375 0.428125 0.028125 0.1
5 0.84765625 0.18984375 0.0234375 0.0875
5 0.40546875 0.5296875 0.0375 0.12109375
4 0.92109375 0.3640625 0.025 0.10546875
4 0.73125 0.390625 0.0296875 0.09453125
4 0.67265625 0.3703125 0.03984375 0.10390625
4 0.59375 0.34921875 0.03671875 0.10703125
4 0.428125 0.396875 0.0578125 0.096875
4 0.41015625 0.59375 0.03984375 0.109375
4 0.35859375 0.43515625 0.04296875 0.09296875
4 0.38203125 0.48125 0.0453125 0.10703125
0 0.4984375 0.43359375 0.01015625 0.0109375
3 0.83359375 0.45625 0.05 0.115625
3 0.36171875 0.125 0.01953125 0.071875
2 0.02578125 0.4609375 0.0375 0.10546875