4 0.46015625 0.11171875 0.015625 0.05703125
4 0.57890625 0.0765625 0.01328125 0.0640625
4 0.75 0.09375 0.01484375 0.05703125
4 0.7390625 0.203125 0.01640625 0.075
4 0.803125 0.8703125 0.03984375 0.12109375
4 0.41875 0.41171875 0.03984375 0.065625
4 0.58515625 0.49921875 0.04375 0.0875
5 0.95625 0.17734375 0.0234375 0.07890625
5 0.58984375 0.31640625 0.0359375 0.08046875
5 0.53203125 0.16015625 0.0265625 0.0625
5 0.39921875 0.215625 0.025 0.06796875
5 0.39453125 0.34921875 0.0234375 0.084375
5 0.4296875 0.47578125 0.040625 0.0875
5 0.48046875 0.53046875 0.03359375 0.09453125
5 0.63671875 0.53125 0.0484375 0.09609375
5 0.61171875 0.47265625 0.0328125 0.090625
5 0.62109375 0.409375 0.0328125 0.084375
3 0.61171875 0.39765625 0.021875 0.09296875
3 0.31875 0.04375 0.01953125 0.0234375
0 0.5640625 0.52421875 0.01015625 0.02109375