4 0.79453125 0.6796875 0.04375 0.16015625
5 0.47578125 0.453125 0.028125 0.09765625
4 0.76640625 0.50625 0.0390625 0.12109375
4 0.72890625 0.42734375 0.02734375 0.1
4 0.4203125 0.4765625 0.03203125 0.0953125
4 0.53515625 0.44375 0.034375 0.0953125
3 0.9296875 0.5328125 0.0390625 0.1203125
4 0.8484375 0.41328125 0.0328125 0.0875
5 0.3421875 0.4921875 0.02890625 0.103125
5 0.86953125 0.56796875 0.0328125 0.15078125
4 0.39296875 0.5171875 0.03828125 0.11484375
5 0.93125 0.42109375 0.0265625 0.06640625
4 0.9203125 0.45546875 0.03203125 0.0921875
0 0.48515625 0.4890625 0.00625 0.01640625
2 0.2171875 0.4515625 0.0296875 0.08515625
3 0.9921875 0.33828125 0.015625 0.071875
3 0.8578125 0.403125 0.01953125 0.09609375