4 0.22734375 0.77109375 0.046875 0.15859375
4 0.159375 0.534375 0.03203125 0.1609375
4 0.259375 0.48671875 0.02421875 0.1265625
4 0.23984375 0.4546875 0.02109375 0.14609375
4 0.4890625 0.46484375 0.01953125 0.140625
4 0.68203125 0.515625 0.025 0.15
5 0.1125 0.5328125 0.05546875 0.08203125
5 0.16875 0.4296875 0.0265625 0.115625
5 0.52421875 0.67734375 0.03515625 0.14609375
5 0.51953125 0.51328125 0.0484375 0.11796875
5 0.509375 0.4859375 0.01953125 0.0890625
5 0.68203125 0.4625 0.00859375 0.03046875
2 0.7078125 0.4734375 0.0296875 0.14453125
3 0.0578125 0.54375 0.0359375 0.140625