4 0.4890625 0.4890625 0.02109375 0.06953125
4 0.4015625 0.28203125 0.01875 0.053125
4 0.5671875 0.290625 0.01953125 0.05859375
4 0.68671875 0.5234375 0.028125 0.08046875
4 0.89375 0.296875 0.01953125 0.05
4 0.79453125 0.15703125 0.01484375 0.046875
4 0.4609375 0.37265625 0.01953125 0.0578125
4 0.3625 0.4515625 0.0234375 0.05546875
4 0.42578125 0.48125 0.0234375 0.06796875
4 0.375 0.31015625 0.01875 0.05078125
5 0.378125 0.290625 0.0203125 0.0515625
5 0.371875 0.5140625 0.02265625 0.04765625
5 0.4484375 0.45234375 0.02109375 0.06171875
5 0.48125 0.3046875 0.0203125 0.05546875
5 0.64296875 0.2484375 0.02109375 0.05078125
5 0.72421875 0.50234375 0.01875 0.06953125
5 0.8671875 0.1703125 0.01328125 0.0484375
5 0.8203125 0.375 0.01484375 0.059375
2 0.23359375 0.328125 0.02109375 0.0515625
0 0.35703125 0.525 0.00546875 0.0140625
3 0.6484375 0.44375 0.021875 0.0671875
3 0.4421875 0.0703125 0.01015625 0.034375