4 0.6546875 0.6625 0.0265625 0.121875
4 0.421875 0.49921875 0.0203125 0.1078125
4 0.2859375 0.39609375 0.028125 0.0859375
4 0.59921875 0.41640625 0.02265625 0.1015625
4 0.59765625 0.3453125 0.02265625 0.07734375
4 0.65234375 0.3 0.01796875 0.07890625
4 0.64453125 0.24921875 0.0171875 0.06328125
4 0.4421875 0.3234375 0.0203125 0.084375
4 0.434375 0.25546875 0.01484375 0.0671875
5 0.46015625 0.234375 0.02109375 0.07890625
5 0.6421875 0.35234375 0.02265625 0.09296875
5 0.7421875 0.32265625 0.0265625 0.0921875
5 0.65390625 0.225 0.01484375 0.046875
5 0.1828125 0.26328125 0.01953125 0.08359375
5 0.1703125 0.39765625 0.025 0.075
5 0.39296875 0.590625 0.028125 0.10859375
5 0.51484375 0.821875 0.03125 0.13671875
2 0.9734375 0.353125 0.0171875 0.09609375
3 0.73828125 0.9578125 0.02109375 0.08359375
3 0.40546875 0.3 0.01328125 0.0734375
0 0.2265625 0.36953125 0.0140625 0.01796875