4 0.15234375 0.3390625 0.02578125 0.1
4 0.36484375 0.29453125 0.04140625 0.05703125
3 0.103125 0.371875 0.0296875 0.11953125
4 0.63984375 0.66171875 0.0359375 0.13984375
5 0.4 0.3390625 0.040625 0.121875
4 0.70703125 0.41171875 0.03515625 0.11796875
4 0.4671875 0.32421875 0.028125 0.10234375
5 0.01171875 0.3359375 0.021875 0.10078125
5 0.37421875 0.38984375 0.028125 0.10234375
4 0.59921875 0.31796875 0.02265625 0.09609375
5 0.95078125 0.65703125 0.03046875 0.14609375
5 0.53046875 0.38984375 0.02265625 0.1140625
4 0.265625 0.471875 0.0328125 0.11796875
2 0.51171875 0.29921875 0.03046875 0.06875
4 0.65390625 0.33203125 0.02578125 0.0859375
5 0.28984375 0.471875 0.028125 0.11328125
4 0.4515625 0.28203125 0.025 0.128125
0 0.64453125 0.328125 0.00546875 0.01171875
5 0.5859375 0.28671875 0.0125 0.03984375
5 0.334375 0.228125 0.025 0.09375
4 0.28125 0.41796875 0.0140625 0.08125