3 0.565625 0.12578125 0.02734375 0.06796875
3 0.95546875 0.465625 0.0375 0.12578125
2 0.21953125 0.44609375 0.04453125 0.1046875
0 0.50625 0.31328125 0.009375 0.0140625
5 0.52421875 0.27578125 0.0359375 0.08671875
5 0.6125 0.434375 0.03984375 0.10546875
5 0.62109375 0.50859375 0.040625 0.11328125
5 0.5109375 0.5765625 0.0453125 0.1171875
5 0.54609375 0.66640625 0.05390625 0.1203125
4 0.80546875 0.46796875 0.04375 0.1203125
4 0.74453125 0.41171875 0.03984375 0.11953125
4 0.57890625 0.36171875 0.02578125 0.09296875
4 0.60234375 0.39921875 0.0359375 0.090625
4 0.55859375 0.465625 0.0484375 0.09296875
4 0.56015625 0.51953125 0.0484375 0.08125
4 0.57421875 0.5921875 0.04765625 0.09765625