4 0.41328125 0.57734375 0.021875 0.0734375
4 0.5015625 0.46640625 0.02578125 0.07734375
4 0.67578125 0.50390625 0.0234375 0.0734375
4 0.81015625 0.2453125 0.01484375 0.0609375
4 0.71796875 0.1125 0.0078125 0.0453125
4 0.54453125 0.26171875 0.01640625 0.05234375
4 0.45625 0.3609375 0.01796875 0.06328125
4 0.3375 0.42734375 0.02421875 0.06875
4 0.3359375 0.2703125 0.01328125 0.059375
4 0.35390625 0.2328125 0.0140625 0.04765625
2 0.1015625 0.3125 0.01796875 0.06640625
5 0.3640625 0.534375 0.02109375 0.0703125
5 0.46484375 0.55 0.02578125 0.06328125
5 0.4609375 0.26875 0.0171875 0.05625
5 0.37421875 0.23984375 0.0171875 0.0515625
5 0.6375 0.2234375 0.015625 0.05234375
5 0.7984375 0.11640625 0.0140625 0.04765625
5 0.9828125 0.234375 0.01796875 0.0578125
5 0.81640625 0.34296875 0.025 0.0625
5 0.696875 0.47578125 0.02109375 0.0703125
3 0.6390625 0.4109375 0.0171875 0.07109375
3 0.36796875 0.0390625 0.01484375 0.03359375
0 0.3484375 0.58046875 0.00625 0.01328125