4 0.65234375 0.65078125 0.0484375 0.146875
4 0.709375 0.40625 0.02421875 0.10625
4 0.640625 0.3203125 0.0171875 0.09140625
4 0.5859375 0.31484375 0.01640625 0.0984375
4 0.4671875 0.321875 0.01875 0.109375
4 0.44921875 0.27578125 0.0234375 0.121875
4 0.36875 0.28984375 0.0359375 0.04921875
4 0.29921875 0.40859375 0.01484375 0.1046875
4 0.28515625 0.465625 0.01796875 0.1125
4 0.16015625 0.33125 0.02109375 0.109375
5 0.95390625 0.6484375 0.04453125 0.15703125
5 0.2640625 0.4875 0.03125 0.1359375
5 0.54765625 0.3890625 0.03203125 0.1203125
5 0.40625 0.33828125 0.0296875 0.1203125
5 0.37734375 0.37734375 0.0296875 0.1125
5 0.34296875 0.24375 0.02265625 0.08671875
5 0.62109375 0.31015625 0.01953125 0.08046875
5 0.0125 0.309375 0.025 0.07578125
3 0.0984375 0.3640625 0.0296875 0.1234375
2 0.51328125 0.29921875 0.02890625 0.065625