2 0.08125 0.18671875 0.01328125 0.0546875
3 0.503125 0.21640625 0.0203125 0.078125
5 0.66171875 0.209375 0.01640625 0.0671875
5 0.98984375 0.3140625 0.0203125 0.1359375
5 0.5578125 0.19453125 0.0109375 0.05390625
5 0.578125 0.2625 0.01953125 0.0984375
0 0.58203125 0.20390625 0.00625 0.0109375
4 0.60234375 0.221875 0.015625 0.0703125
5 0.7328125 0.19921875 0.01171875 0.06171875
4 0.8734375 0.25625 0.02265625 0.0984375
4 0.87109375 0.2015625 0.00859375 0.05546875
5 0.91875 0.2234375 0.01640625 0.078125
5 0.33046875 0.18359375 0.01171875 0.0484375
5 0.209375 0.2109375 0.01171875 0.0671875
5 0.10078125 0.22734375 0.01640625 0.07890625
4 0.16875 0.21328125 0.0125 0.059375
4 0.1875 0.19296875 0.0140625 0.05703125
4 0.22109375 0.22734375 0.0125 0.07265625
4 0.2328125 0.18203125 0.01171875 0.05
4 0.30234375 0.18359375 0.0078125 0.04921875
4 0.31484375 0.21953125 0.0125 0.06953125