5 0.17421875 0.24609375 0.01875 0.08515625
5 0.40390625 0.17890625 0.009375 0.0484375
4 0.12265625 0.21875 0.0140625 0.0625
3 0.23203125 0.1875 0.01171875 0.05390625
5 0.4953125 0.18515625 0.0109375 0.05703125
5 0.29140625 0.19921875 0.01171875 0.05390625
4 0.17890625 0.20859375 0.01171875 0.06640625
5 0.540625 0.20234375 0.01640625 0.06171875
5 0.38203125 0.21796875 0.01484375 0.05703125
5 0.3 0.171875 0.0109375 0.04296875
4 0.35234375 0.1875 0.0140625 0.0609375
3 0.034375 0.19921875 0.0140625 0.05703125
4 0.0625 0.19765625 0.0140625 0.05625
4 0.35703125 0.234375 0.0171875 0.06953125
5 0.91640625 0.971875 0.0203125 0.04921875
2 0.7328125 0.159375 0.009375 0.04609375