4 0.50546875 0.34453125 0.02890625 0.071875
4 0.52109375 0.43828125 0.03046875 0.0875
4 0.621875 0.509375 0.0328125 0.090625
4 0.675 0.634375 0.03828125 0.1078125
4 0.6546875 0.321875 0.01796875 0.07109375
5 0.62109375 0.384375 0.0203125 0.07421875
5 0.70078125 0.56328125 0.03828125 0.0859375
5 0.4390625 0.51328125 0.03125 0.07890625
5 0.415625 0.45625 0.03671875 0.0890625
5 0.43671875 0.4078125 0.0375 0.08203125
0 0.60234375 0.54140625 0.00703125 0.01171875
3 0.7625 0.38671875 0.0296875 0.08125
3 0.34609375 0.15 0.02109375 0.06796875
5 0.73984375 0.24765625 0.0171875 0.0734375