5 0.85 0.53671875 0.03125 0.11484375
4 0.84296875 0.91328125 0.0453125 0.13359375
2 0.29453125 0.440625 0.0359375 0.06484375
5 0.82265625 0.3703125 0.0484375 0.09921875
5 0.75625 0.4703125 0.03359375 0.10546875
5 0.9296875 0.46171875 0.03046875 0.1046875
4 0.68984375 0.48125 0.03359375 0.09765625
5 0.6703125 0.27109375 0.02734375 0.075
4 0.453125 0.515625 0.06171875 0.09140625
5 0.9015625 0.20234375 0.03203125 0.0828125
3 0.59296875 0.04765625 0.01953125 0.0625
4 0.88203125 0.14609375 0.02265625 0.0625
5 0.675 0.54609375 0.0375 0.10234375
5 0.65078125 0.46796875 0.0234375 0.08125
5 0.47109375 0.45 0.03671875 0.0921875
4 0.98671875 0.5546875 0.025 0.1046875
0 0.41484375 0.55546875 0.01015625 0.01953125