0 0.41484375 0.32265625 0.00859375 0.01484375
5 0.8546875 0.465625 0.02890625 0.10234375
4 0.82421875 0.90703125 0.0515625 0.159375
5 0.96015625 0.29375 0.0328125 0.08828125
5 0.62421875 0.284375 0.02265625 0.07421875
5 0.37109375 0.503125 0.04453125 0.10078125
5 0.45390625 0.58046875 0.04296875 0.1140625
5 0.32421875 0.39140625 0.02421875 0.103125
5 0.2625 0.29140625 0.02734375 0.07890625
3 0.14296875 0.11015625 0.01953125 0.03984375
4 0.2140625 0.2625 0.02890625 0.08203125
4 0.47265625 0.534375 0.04375 0.11171875
4 0.63515625 0.25625 0.01953125 0.06875
4 0.89921875 0.4375 0.03359375 0.11015625
3 0.8625 0.38203125 0.03515625 0.096875
4 0.7484375 0.25390625 0.01953125 0.08984375
5 0.85859375 0.63046875 0.03984375 0.1203125