4 0.08671875 0.2984375 0.028125 0.1
4 0.16640625 0.53359375 0.03671875 0.1203125
4 0.3984375 0.49453125 0.03515625 0.109375
4 0.5734375 0.425 0.02265625 0.1125
4 0.6359375 0.66328125 0.03125 0.1015625
4 0.44921875 0.3546875 0.02890625 0.09296875
5 0.3546875 0.38046875 0.03125 0.109375
5 0.40546875 0.6703125 0.025 0.140625
5 0.49296875 0.35625 0.02109375 0.08984375
5 0.47109375 0.44453125 0.034375 0.1078125
5 0.640625 0.425 0.034375 0.10625
5 0.59140625 0.509375 0.03125 0.08984375
5 0.60859375 0.59375 0.04453125 0.0984375
5 0.6125 0.7 0.0515625 0.109375
3 0.278125 0.49140625 0.03203125 0.115625
0 0.43203125 0.390625 0.00859375 0.0140625