4 0.7078125 0.73125 0.03671875 0.14296875
4 0.53828125 0.57109375 0.0296875 0.121875
4 0.4984375 0.515625 0.03203125 0.10625
4 0.44609375 0.46640625 0.0328125 0.0890625
4 0.38046875 0.60859375 0.046875 0.0953125
4 0.2859375 0.434375 0.021875 0.10234375
4 0.215625 0.35625 0.021875 0.0875
4 0.10859375 0.490625 0.0296875 0.11328125
4 0.1078125 0.60859375 0.03203125 0.121875
4 0.071875 0.75 0.03984375 0.13203125
3 0.23359375 0.4953125 0.02421875 0.0953125
5 0.015625 0.4375 0.03125 0.090625
5 0.14609375 0.5859375 0.03359375 0.10625
5 0.26953125 0.59765625 0.03046875 0.10234375
5 0.47734375 0.5078125 0.02578125 0.0765625
5 0.359375 0.39609375 0.0265625 0.07890625
5 0.62265625 0.56875 0.028125 0.10859375
5 0.559375 0.83984375 0.03359375 0.1453125
0 0.28671875 0.6359375 0.0078125 0.0140625