3 0.2375 0.540625 0.034375 0.109375
4 0.01875 0.6171875 0.03515625 0.11796875
5 0.33671875 0.71796875 0.0328125 0.1296875
5 0.47734375 0.4078125 0.02109375 0.09609375
5 0.53984375 0.50234375 0.025 0.0984375
5 0.29140625 0.39609375 0.0234375 0.10234375
4 0.421875 0.39765625 0.02890625 0.084375
4 0.025 0.33671875 0.03125 0.09140625
5 0.403125 0.45234375 0.03046875 0.10078125
4 0.4328125 0.4828125 0.0328125 0.10625
4 0.559375 0.7046875 0.03671875 0.11796875
5 0.53984375 0.7234375 0.03203125 0.1171875
5 0.5515625 0.60859375 0.03125 0.1046875
2 0.990625 0.675 0.01875 0.12578125
5 0.57734375 0.4265625 0.0203125 0.08984375
4 0.571875 0.45 0.0359375 0.08359375
0 0.42734375 0.4234375 0.0046875 0.00703125