4 0.71640625 0.82109375 0.0484375 0.1453125
4 0.4359375 0.5078125 0.04375 0.1078125
4 0.27734375 0.28671875 0.0296875 0.07421875
4 0.71953125 0.23125 0.01640625 0.06796875
4 0.77890625 0.2578125 0.025 0.08671875
4 0.925 0.4125 0.02734375 0.103125
5 0.97890625 0.2890625 0.03359375 0.08828125
5 0.63984375 0.2734375 0.034375 0.07421875
5 0.85078125 0.4375 0.02109375 0.096875
5 0.84140625 0.58671875 0.034375 0.1109375
5 0.47890625 0.5421875 0.028125 0.115625
5 0.39140625 0.46796875 0.02578125 0.1046875
5 0.31875 0.3625 0.02578125 0.08671875
5 0.33984375 0.32109375 0.025 0.06796875
3 0.8234375 0.390625 0.0265625 0.09296875
3 0.265625 0.12734375 0.0265625 0.05703125
0 0.28046875 0.3359375 0.01171875 0.0171875