4 0.42578125 0.76796875 0.0234375 0.096875
4 0.63984375 0.60234375 0.0171875 0.07265625
4 0.54609375 0.4140625 0.01015625 0.05703125
4 0.484375 0.5203125 0.021875 0.06796875
4 0.3359375 0.53828125 0.021875 0.07109375
4 0.3421875 0.4953125 0.02421875 0.06796875
4 0.3796875 0.28359375 0.0125 0.04609375
4 0.09609375 0.3515625 0.01171875 0.05859375
5 0.059375 0.71015625 0.01953125 0.0953125
5 0.14140625 0.50390625 0.0140625 0.07265625
5 0.2859375 0.64609375 0.0234375 0.07890625
5 0.52421875 0.32265625 0.01015625 0.05234375
5 0.1734375 0.34921875 0.0109375 0.05078125
5 0.5078125 0.70859375 0.025 0.0953125
5 0.7140625 0.68359375 0.0234375 0.09296875
5 0.65 0.42578125 0.01796875 0.06484375
5 0.640625 0.52578125 0.015625 0.06328125
5 0.425 0.51875 0.01796875 0.04921875
3 0.3734375 0.4796875 0.01171875 0.06484375
3 0.18671875 0.209375 0.0140625 0.04765625
3 0.7546875 0.97109375 0.02265625 0.05703125
2 0.88828125 0.453125 0.01171875 0.07265625