5 0.58359375 0.19140625 0.01328125 0.053125
4 0.6375 0.43359375 0.02578125 0.096875
5 0.1921875 0.25859375 0.0171875 0.07734375
4 0.646875 0.23984375 0.01484375 0.0609375
4 0.678125 0.34609375 0.02578125 0.0890625
5 0.375 0.58828125 0.025 0.11328125
4 0.446875 0.33125 0.02109375 0.07734375
5 0.140625 0.43984375 0.02578125 0.10703125
4 0.44765625 0.5265625 0.02734375 0.0984375
4 0.6671875 0.70234375 0.028125 0.11640625
3 0.41640625 0.3234375 0.01484375 0.06953125
2 0.98828125 0.3515625 0.02265625 0.0875
4 0.39296875 0.4375 0.025 0.08828125
5 0.47890625 0.85 0.0359375 0.14140625
5 0.48828125 0.23828125 0.0125 0.0703125
4 0.453125 0.259375 0.02265625 0.071875
4 0.7234375 0.30625 0.021875 0.08046875
3 0.8203125 0.95 0.0328125 0.1
0 0.15546875 0.46796875 0.00859375 0.0125
5 0.71328125 0.334375 0.02421875 0.08046875