4 0.41640625 0.49375 0.02421875 0.09609375
4 0.15546875 0.4265625 0.01796875 0.09140625
4 0.5421875 0.41875 0.028125 0.0875
4 0.696875 0.5265625 0.0234375 0.10859375
4 0.70546875 0.47578125 0.028125 0.10390625
4 0.471875 0.3796875 0.0296875 0.0765625
4 0.290625 0.31875 0.03671875 0.065625
4 0.34609375 0.428125 0.02734375 0.09609375
4 0.39921875 0.34375 0.021875 0.08203125
4 0.35703125 0.31953125 0.01796875 0.08359375
5 0.20234375 0.475 0.02890625 0.10546875
5 0.23515625 0.309375 0.01796875 0.071875
5 0.43671875 0.36328125 0.0265625 0.07890625
5 0.85703125 0.54140625 0.03046875 0.10546875
5 0.709375 0.434375 0.03671875 0.09140625
5 0.3578125 0.409375 0.02421875 0.0859375
5 0.346875 0.33515625 0.01640625 0.084375
2 0.47421875 0.32109375 0.02734375 0.08359375
3 0.11796875 0.41875 0.02421875 0.0984375