4 0.4640625 0.59921875 0.03671875 0.09375
4 0.4109375 0.434375 0.02578125 0.09140625
5 0.71953125 0.55859375 0.03125 0.10078125
4 0.69296875 0.72734375 0.0359375 0.11875
5 0.54296875 0.7671875 0.034375 0.12890625
4 0.66796875 0.578125 0.02734375 0.1109375
4 0.52578125 0.46640625 0.02421875 0.09453125
4 0.0984375 0.63125 0.04375 0.115625
4 0.334375 0.3578125 0.0234375 0.08046875
4 0.16015625 0.475 0.028125 0.090625
4 0.5671875 0.50546875 0.02421875 0.1046875
3 0.31015625 0.49609375 0.0328125 0.10390625
5 0.5140625 0.4015625 0.01953125 0.06171875
5 0.284375 0.61015625 0.03046875 0.10625
5 0.1796875 0.43359375 0.02578125 0.08203125
4 0.0953125 0.73828125 0.03203125 0.10390625
5 0.29140625 0.52890625 0.02421875 0.0640625
5 0.5765625 0.4609375 0.0140625 0.05546875
0 0.3015625 0.6390625 0.00703125 0.015625