2 0.0546875 0.478125 0.03828125 0.0953125
0 0.5671875 0.553125 0.009375 0.01484375
4 0.46953125 0.65 0.03828125 0.109375
4 0.49140625 0.3484375 0.03359375 0.08046875
4 0.9546875 0.27421875 0.02578125 0.08515625
4 0.89765625 0.24609375 0.01953125 0.096875
3 0.4328125 0.1640625 0.03125 0.05703125
3 0.86875 0.51328125 0.03359375 0.0984375
5 0.55625 0.59296875 0.04140625 0.0859375
5 0.84609375 0.30625 0.01875 0.07734375
5 0.44140625 0.43671875 0.02421875 0.08828125
5 0.4296875 0.4828125 0.03046875 0.084375
5 0.43515625 0.5265625 0.04609375 0.06796875
4 0.54765625 0.43828125 0.021875 0.08828125
4 0.5796875 0.515625 0.028125 0.08515625
5 0.596875 0.46484375 0.02421875 0.08125
4 0.71484375 0.38203125 0.021875 0.078125