5 0.68125 0.3578125 0.0375 0.1328125
5 0.28671875 0.33046875 0.03203125 0.11171875
5 0.290625 0.203125 0.0140625 0.06484375
4 0.234375 0.45 0.03984375 0.20078125
4 0.775 0.30390625 0.03125 0.103125
4 0.37265625 0.26171875 0.02109375 0.103125
5 0.18125 0.20390625 0.01484375 0.07421875
5 0.70859375 0.26875 0.02109375 0.08046875
2 0.4375 0.18515625 0.0171875 0.0578125
5 0.3671875 0.20625 0.01640625 0.053125
3 0.009375 0.24921875 0.01875 0.09765625
4 0.04453125 0.34765625 0.03671875 0.1296875
3 0.98046875 0.2734375 0.02734375 0.10859375
4 0.63828125 0.3515625 0.03125 0.13203125
5 0.04921875 0.275 0.01953125 0.053125