0 0.49765625 0.4359375 0.0078125 0.0140625
3 0.834375 0.45703125 0.0453125 0.11015625
3 0.36484375 0.12421875 0.015625 0.0609375
5 0.846875 0.1875 0.0234375 0.0828125
5 0.5984375 0.428125 0.025 0.10234375
5 0.4953125 0.7328125 0.0453125 0.1375
5 0.4015625 0.5296875 0.0328125 0.12109375
5 0.4890625 0.39453125 0.03203125 0.0984375
5 0.44609375 0.20078125 0.02734375 0.08046875
4 0.92109375 0.3640625 0.0265625 0.1078125
4 0.73203125 0.3921875 0.0265625 0.08828125
4 0.66953125 0.37421875 0.0359375 0.1
4 0.59140625 0.34765625 0.03515625 0.09375
4 0.425 0.3953125 0.05390625 0.0921875
4 0.35625 0.43671875 0.03984375 0.08828125
4 0.38203125 0.478125 0.04609375 0.10546875
4 0.40859375 0.59296875 0.0359375 0.10859375
2 0.02578125 0.46015625 0.03515625 0.10078125