0 0.4515625 0.359375 0.0078125 0.0140625
3 0.85078125 0.4796875 0.040625 0.109375
3 0.475 0.1453125 0.02578125 0.05546875
5 0.94375 0.22734375 0.028125 0.08828125
5 0.6046875 0.50390625 0.028125 0.09375
5 0.50234375 0.7015625 0.0359375 0.12734375
5 0.48046875 0.58203125 0.02578125 0.10234375
5 0.54453125 0.41640625 0.04296875 0.0984375
5 0.47265625 0.25078125 0.025 0.078125
4 0.75703125 0.44921875 0.03046875 0.1015625
4 0.6875 0.41171875 0.03671875 0.103125
4 0.5734375 0.38046875 0.028125 0.09609375
4 0.52265625 0.4234375 0.02421875 0.0875
4 0.50703125 0.46640625 0.04140625 0.09140625
4 0.51328125 0.5140625 0.0484375 0.1046875
2 0.140625 0.45703125 0.03828125 0.11640625
4 0.4953125 0.59375 0.0515625 0.10546875