2 0.41328125 0.15703125 0.0109375 0.04296875
5 0.92578125 0.509375 0.0734375 0.26484375
5 0.7015625 0.275 0.02265625 0.1140625
4 0.47734375 0.29140625 0.0328125 0.1203125
4 0.8921875 0.25078125 0.028125 0.11015625
5 0.35390625 0.28671875 0.021875 0.10546875
5 0.4640625 0.29609375 0.02421875 0.11640625
5 0.65546875 0.17734375 0.0140625 0.06171875
4 0.45625 0.19921875 0.01640625 0.075
4 0.53203125 0.84453125 0.0859375 0.3109375
4 0.765625 0.91875 0.10390625 0.1625
0 0.44765625 0.325 0.0140625 0.02578125
4 0.59921875 0.175 0.01796875 0.0671875
4 0.778125 0.175 0.01875 0.06875
5 0.91796875 0.18046875 0.02109375 0.06640625