5 0.49296875 0.29140625 0.02421875 0.10859375
4 0.446875 0.24296875 0.01953125 0.075
5 0.803125 0.21015625 0.0140625 0.06171875
5 0.51015625 0.1984375 0.01484375 0.0515625
5 0.5328125 0.1859375 0.01171875 0.0515625
3 0.29296875 0.16015625 0.01171875 0.04140625
5 0.8546875 0.1671875 0.0109375 0.05
4 0.72109375 0.2015625 0.0140625 0.0640625
4 0.421875 0.1953125 0.0109375 0.0578125
5 0.9953125 0.17890625 0.00859375 0.05390625
5 0.7921875 0.1796875 0.00859375 0.05078125
5 0.75859375 0.17265625 0.009375 0.0328125
5 0.74609375 0.16640625 0.00859375 0.03828125
4 0.7265625 0.16484375 0.00703125 0.0328125
3 0.6515625 0.178125 0.00703125 0.04609375
5 0.65703125 0.17734375 0.00625 0.040625
5 0.6953125 0.17734375 0.01015625 0.03359375
5 0.6859375 0.1703125 0.00625 0.03203125
0 0.6109375 0.184375 0.00546875 0.0109375
4 0.3890625 0.1765625 0.009375 0.04765625