0 0.85625 0.62890625 0.00859375 0.0140625
5 0.884375 0.71796875 0.025 0.1203125
5 0.71484375 0.7703125 0.0234375 0.1203125
5 0.54140625 0.6828125 0.02265625 0.09140625
5 0.5203125 0.6546875 0.021875 0.0984375
5 0.503125 0.6640625 0.01171875 0.10625
5 0.48046875 0.65625 0.01484375 0.1078125
5 0.4296875 0.68515625 0.02109375 0.1046875
5 0.25546875 0.7640625 0.02421875 0.1109375
2 0.21015625 0.66328125 0.0296875 0.0984375
4 0.31171875 0.72109375 0.0234375 0.115625
4 0.36875 0.70625 0.01640625 0.10625
4 0.39765625 0.6890625 0.0296875 0.103125
4 0.4640625 0.6609375 0.01640625 0.096875
4 0.4875 0.665625 0.01015625 0.10625
4 0.61484375 0.69921875 0.02265625 0.09296875
4 0.628125 0.61875 0.015625 0.1015625
4 0.6109375 0.61328125 0.0125 0.09140625
3 0.6859375 0.68359375 0.02421875 0.0984375
3 0.7984375 0.54296875 0.0296875 0.07421875
5 0.8296875 0.5765625 0.02109375 0.08828125