4 0.721875 0.60390625 0.01640625 0.103125
4 0.70546875 0.59921875 0.0109375 0.09375
4 0.6734375 0.68828125 0.0203125 0.1015625
4 0.578125 0.6203125 0.00859375 0.06796875
4 0.51796875 0.64296875 0.01328125 0.06328125
4 0.4859375 0.63359375 0.021875 0.08515625
2 0.2875 0.64609375 0.025 0.096875
3 0.77890625 0.71015625 0.02421875 0.1046875
3 0.85703125 0.52109375 0.0234375 0.05390625
5 0.89609375 0.6890625 0.034375 0.109375
5 0.72890625 0.78046875 0.03203125 0.11875
5 0.93671875 0.58203125 0.03203125 0.0984375
5 0.53203125 0.63671875 0.015625 0.096875
5 0.50625 0.61953125 0.01484375 0.07578125
5 0.40625 0.65234375 0.01953125 0.103125
5 0.25546875 0.71875 0.02265625 0.115625
4 0.31875 0.69765625 0.034375 0.08984375
4 0.38984375 0.6765625 0.0265625 0.096875