5 0.871875 0.2515625 0.03984375 0.159375
5 0.87421875 0.53828125 0.05 0.16484375
4 0.71953125 0.503125 0.05625 0.190625
4 0.915625 0.36796875 0.0421875 0.16484375
4 0.978125 0.37109375 0.040625 0.1671875
4 0.6625 0.60546875 0.053125 0.14765625
2 0.41171875 0.54453125 0.1 0.10078125
4 0.6578125 0.434375 0.05703125 0.15859375
4 0.97734375 0.51953125 0.0390625 0.13359375
4 0.6578125 0.3046875 0.04609375 0.13671875
5 0.5984375 0.68046875 0.05859375 0.19296875
5 0.465625 0.58828125 0.0875 0.1078125
5 0.64765625 0.3859375 0.0375 0.15390625