2 0.73984375 0.43828125 0.02421875 0.07890625
3 0.13046875 0.4625 0.01796875 0.0390625
4 0.24296875 0.72578125 0.03515625 0.13984375
4 0.71171875 0.5109375 0.02578125 0.10859375
4 0.64921875 0.43984375 0.028125 0.05390625
4 0.746875 0.54140625 0.02734375 0.10390625
4 0.159375 0.4171875 0.021875 0.0953125
4 0.31328125 0.45703125 0.0328125 0.0984375
0 0.5109375 0.45234375 0.0078125 0.01015625
5 0.390625 0.46015625 0.02109375 0.10234375
5 0.4421875 0.45625 0.02109375 0.090625
5 0.540625 0.45 0.01875 0.10078125
5 0.65078125 0.50625 0.0234375 0.10234375
5 0.13203125 0.515625 0.034375 0.103125