3 0.9734375 0.7140625 0.0234375 0.12421875
4 0.3703125 0.64921875 0.02734375 0.1046875
4 0.5296875 0.640625 0.02578125 0.11484375
4 0.53515625 0.59609375 0.01484375 0.0484375
4 0.58515625 0.6125 0.015625 0.1125
4 0.6328125 0.621875 0.03671875 0.0578125
4 0.690625 0.59921875 0.02734375 0.10546875
4 0.8 0.5875 0.02265625 0.0984375
4 0.89375 0.675 0.025 0.11875
4 0.92265625 0.559375 0.02421875 0.09609375
4 0.97421875 0.57578125 0.02109375 0.121875
2 0.4453125 0.63125 0.05625 0.04140625
5 0.31484375 0.68046875 0.02265625 0.11640625
5 0.478125 0.5953125 0.03828125 0.1
5 0.61171875 0.57421875 0.02265625 0.1
5 0.65 0.596875 0.02265625 0.09375
5 0.73828125 0.58203125 0.0203125 0.09296875
5 0.93359375 0.78203125 0.0390625 0.1515625