4 0.6828125 0.1859375 0.01484375 0.05390625
4 0.6828125 0.1890625 0.015625 0.0546875
4 0.1859375 0.23046875 0.0328125 0.08828125
4 0.12890625 0.66015625 0.07890625 0.2515625
4 0.86015625 0.46328125 0.0359375 0.18828125
4 0.83515625 0.246875 0.02890625 0.0953125
4 0.6125 0.28359375 0.025 0.0953125
4 0.484375 0.19296875 0.01796875 0.0640625
4 0.6484375 0.159375 0.0078125 0.04765625
4 0.40234375 0.1515625 0.00859375 0.04296875
5 0.17578125 0.16171875 0.0140625 0.0421875
5 0.3109375 0.23125 0.025 0.07890625
5 0.35390625 0.46953125 0.04765625 0.18203125
5 0.559375 0.24609375 0.02109375 0.08984375
5 0.665625 0.18671875 0.01171875 0.05859375
5 0.88203125 0.3484375 0.05625 0.0875
5 0.8609375 0.246875 0.02109375 0.096875
3 0.3375 0.203125 0.02265625 0.09140625
0 0.37890625 0.56796875 0.02578125 0.0515625