0 0.16328125 0.4265625 0.00859375 0.0140625
4 0.29921875 0.40234375 0.02578125 0.096875
4 0.42421875 0.5046875 0.0296875 0.1046875
4 0.65703125 0.6734375 0.02421875 0.121875
4 0.60078125 0.4171875 0.021875 0.09375
4 0.6078125 0.3453125 0.02578125 0.09296875
4 0.6671875 0.30390625 0.028125 0.08671875
4 0.6421875 0.24921875 0.01953125 0.06953125
4 0.43984375 0.2640625 0.0234375 0.07109375
4 0.44609375 0.32890625 0.028125 0.08359375
2 0.9765625 0.35234375 0.0265625 0.1
5 0.39375 0.5953125 0.02734375 0.1171875
5 0.51328125 0.8265625 0.0328125 0.140625
3 0.7578125 0.95546875 0.03125 0.0890625
3 0.4015625 0.30234375 0.01875 0.07734375
5 0.1859375 0.2640625 0.02109375 0.08671875
5 0.4640625 0.2421875 0.02578125 0.08671875
5 0.6296875 0.2328125 0.0203125 0.06796875
5 0.73515625 0.31796875 0.021875 0.0984375
5 0.65546875 0.35078125 0.02421875 0.1
5 0.1640625 0.3953125 0.04140625 0.08046875