0 0.45546875 0.39453125 0.01640625 0.01484375
3 0.5078125 0.246875 0.0203125 0.0828125
4 0.8984375 0.859375 0.0390625 0.1609375
4 0.959375 0.47578125 0.03125 0.1109375
4 0.6921875 0.42734375 0.02578125 0.109375
4 0.6109375 0.3140625 0.03125 0.09453125
4 0.3953125 0.34140625 0.0484375 0.1109375
4 0.44296875 0.1234375 0.01875 0.07421875
4 0.29921875 0.19375 0.0171875 0.08515625
4 0.203125 0.43984375 0.0296875 0.13125
4 0.11640625 0.5953125 0.0390625 0.13515625
5 0.64375 0.4875 0.03828125 0.10390625
5 0.4765625 0.359375 0.03203125 0.08515625
5 0.4578125 0.2984375 0.03359375 0.096875
5 0.4671875 0.1828125 0.02890625 0.0859375
5 0.67578125 0.2453125 0.034375 0.08828125
5 0.68203125 0.315625 0.034375 0.0859375
5 0.76015625 0.42890625 0.0296875 0.1015625