4 0.796875 0.86171875 0.0375 0.1140625
4 0.40625 0.41796875 0.03359375 0.0890625
4 0.5796875 0.5 0.0328125 0.11484375
4 0.41875 0.109375 0.02265625 0.05703125
4 0.52890625 0.07578125 0.01328125 0.053125
4 0.69921875 0.09375 0.01640625 0.04765625
4 0.69609375 0.203125 0.01796875 0.0671875
5 0.36484375 0.22109375 0.01875 0.0703125
5 0.37109375 0.33984375 0.02734375 0.0828125
5 0.4078125 0.4734375 0.02890625 0.0953125
5 0.45703125 0.5421875 0.025 0.11953125
5 0.61875 0.53828125 0.03515625 0.10625
5 0.60390625 0.46875 0.0296875 0.08125
5 0.596875 0.40546875 0.028125 0.0703125
5 0.55703125 0.31640625 0.0203125 0.0703125
5 0.4953125 0.15859375 0.0203125 0.05234375
5 0.90078125 0.1765625 0.0203125 0.07421875
3 0.56875 0.39375 0.01953125 0.08359375
0 0.55625 0.53125 0.00859375 0.01640625