2 0.1765625 0.42890625 0.04453125 0.12109375
5 0.54921875 0.2625 0.03046875 0.0875
5 0.8640625 0.4859375 0.04296875 0.11484375
5 0.79921875 0.27734375 0.03671875 0.09609375
4 0.603125 0.7515625 0.0359375 0.13046875
5 0.59921875 0.2109375 0.02578125 0.07265625
5 0.5453125 0.4 0.03125 0.11015625
4 0.69609375 0.2421875 0.02578125 0.09453125
4 0.8921875 0.18359375 0.0296875 0.10625
4 0.57265625 0.459375 0.0390625 0.109375
5 0.5453125 0.51015625 0.034375 0.12421875
5 0.66875 0.15625 0.028125 0.08203125
4 0.55546875 0.1078125 0.021875 0.06171875
4 0.6453125 0.14921875 0.02734375 0.07109375
5 0.59453125 0.15703125 0.01875 0.053125
0 0.628125 0.178125 0.00625 0.0125
3 0.546875 0.0875 0.015625 0.0625