3 0.27578125 0.4921875 0.0265625 0.115625
0 0.43359375 0.38984375 0.01015625 0.015625
4 0.16484375 0.5328125 0.0328125 0.115625
4 0.08671875 0.29609375 0.02734375 0.09453125
4 0.39921875 0.49375 0.0296875 0.10703125
4 0.44765625 0.35390625 0.028125 0.1
4 0.571875 0.4265625 0.02109375 0.1
4 0.63359375 0.66484375 0.0296875 0.1125
5 0.63984375 0.42734375 0.03671875 0.1015625
5 0.61171875 0.69296875 0.03984375 0.121875
5 0.60625 0.596875 0.04453125 0.109375
5 0.59453125 0.515625 0.03203125 0.10546875
5 0.49375 0.35625 0.0265625 0.09296875
5 0.4734375 0.4375 0.034375 0.1109375
5 0.403125 0.665625 0.03046875 0.12890625
5 0.35546875 0.3765625 0.028125 0.103125