5 0.175 0.39140625 0.02265625 0.08671875
5 0.509375 0.5671875 0.03203125 0.09453125
4 0.2921875 0.45625 0.025 0.09375
5 0.0671875 0.5796875 0.03046875 0.1015625
5 0.44453125 0.51484375 0.028125 0.090625
4 0.31953125 0.5421875 0.03671875 0.1046875
4 0.021875 0.3625 0.0234375 0.08046875
0 0.47578125 0.55 0.009375 0.0140625
5 0.53203125 0.8390625 0.0375 0.14921875
4 0.58203125 0.6875 0.0390625 0.121875
4 0.1 0.428125 0.01875 0.08125
5 0.0078125 0.6015625 0.01484375 0.13046875
3 0.09296875 0.49375 0.03359375 0.09609375
4 0.24609375 0.5703125 0.03828125 0.103125
4 0.00546875 0.48671875 0.0109375 0.09375
4 0.35 0.54375 0.02734375 0.07734375