4 0.4546875 0.646875 0.04765625 0.1203125
4 0.725 0.39375 0.03125 0.08984375
4 0.5 0.3484375 0.021875 0.08984375
4 0.55703125 0.4296875 0.03203125 0.09140625
4 0.584375 0.5234375 0.01875 0.08359375
5 0.54140625 0.5984375 0.02265625 0.1046875
5 0.59921875 0.4625 0.0296875 0.06328125
5 0.859375 0.30390625 0.03046875 0.07421875
5 0.459375 0.5203125 0.025 0.09296875
5 0.4484375 0.478125 0.03046875 0.07421875
5 0.44296875 0.43359375 0.02265625 0.08046875
2 0.09453125 0.4765625 0.02890625 0.0953125
0 0.5703125 0.55 0.0109375 0.0171875
3 0.87421875 0.52578125 0.0359375 0.1
3 0.44609375 0.16640625 0.02109375 0.07421875