5 0.9125 0.40703125 0.0234375 0.12109375
5 0.45 0.50390625 0.0328125 0.18046875
5 0.60078125 0.26953125 0.0171875 0.06640625
4 0.65234375 0.52265625 0.0328125 0.1625
3 0.6515625 0.20078125 0.01484375 0.05
4 0.7140625 0.25234375 0.01484375 0.0609375
2 0.49765625 0.215625 0.0140625 0.046875
4 0.1828125 0.3234375 0.0234375 0.078125
4 0.57734375 0.28515625 0.01484375 0.071875
5 0.2796875 0.2734375 0.01328125 0.06875
5 0.70234375 0.2265625 0.0125 0.0484375
0 0.21953125 0.35 0.00859375 0.01640625
4 0.115625 0.2859375 0.01328125 0.06171875
5 0.19375 0.259375 0.01875 0.05859375
4 0.2671875 0.27265625 0.0078125 0.0734375
5 0.47421875 0.24609375 0.0140625 0.05703125
4 0.5265625 0.25 0.0109375 0.05703125
5 0.5140625 0.2390625 0.009375 0.0578125